       46.632695     -0.71779607
       220.26302     -0.41812225
       220.31262     -0.46547613
       220.28911     -0.43687836
       221.39479     -0.28156806
       221.61919     -0.34880135
       221.40092    -0.042711679
       190.09588       1.0485735
       190.26430       1.0451264
       190.14454       1.1883323
       190.00255       1.1567827
       180.82785       2.1349570
       224.88945       1.9079810
       224.76589       1.7260154
       225.04763       1.7271752
       224.99683       1.6684939
       224.95764       2.1514422
       224.99687       1.6684659
       225.04309       1.9641836
       225.04762       1.7271763
       225.25853       2.1511875
       225.80732       1.3802155
       225.90034       1.2466928
       226.09390       1.1170417
       226.19205       1.1672775
       226.19377       1.1914072
       221.07667       1.5416684
       221.15818       1.4473623
       220.89580       1.5627059
       221.07671       1.5416950
       220.95584       1.8930191
       221.19738       1.6232917
       221.21653       1.6104587
       226.54616       1.6381015
       226.71566       1.5634051
       226.62184       1.5949165
       226.64298       1.5588558
       226.60871       1.6612139
      0.88533013       16.060572
      0.42953300       16.174592
       1.1946848       16.199269
      0.44635931       15.986367
      0.88391832       15.775736
       1.1102388       16.062847
      0.92787106       15.802609
      0.62034829       16.076203
      0.81354255       16.048283
      0.86696985       16.166807
       1.0770092       16.095314
      0.99479470       15.918680
      0.45340704       16.175161
      0.79870096       15.958505
      0.89338587       15.833593
       1.0657856       16.111784
      0.59319152       15.989574
      0.53336297       15.869528
      0.52750968       16.190553
      0.90486082       15.775520
       1.1336887       16.183464
       1.1492310       16.045657
       184.80101       5.2543015
       184.72925       5.2253003
       184.80904       5.4079540
       184.81260       5.2772390
       184.81198       5.2967988
       184.68892       5.4636986
       184.75459       5.2602979
       184.78826       5.4057102
       184.81260       5.2772390
       184.89611       5.3467808
       184.80101       5.2543015
       184.80974       5.2962086
       184.77539       5.3674082
       184.76409       5.3601294
       184.75459       5.2602979
       184.75765       5.3938200
       184.80904       5.4079540
       184.78826       5.4057102
       184.78976       5.3095309
       184.87187       5.2093478
       184.94446       5.4563177
       184.77964       5.1786759
       184.98150       5.1423622
       184.95152       5.1905461
       184.81198       5.2967988
       184.80315       5.1191688
       184.89611       5.3467808
       184.87187       5.2093478
       184.94446       5.4563177
       184.95152       5.1905461
       184.93869       6.0792868
       184.65605       6.1387669
       223.02658       3.1466792
       223.22697       3.5127701
       223.43856       3.5201648
       189.23947       5.2771926
       189.12410       5.6299501
       189.19053       5.3061688
       189.12544       5.3799596
       189.46084       5.6661709
       189.25491       5.0743032
       189.49376       5.0964915
       189.74376       5.0315449
       189.27297       5.5955797
       189.12562       5.5173563
       189.13970       5.5283779
       189.19250       5.5458427
       189.27291       5.5956546
       189.21267       5.5075934
       189.13982       5.5963677
       189.60343       5.5851793
       189.18154       5.5124699
       188.86016       6.1548689
       188.68680       6.0467881
       184.55237       5.7207222
       184.39219       5.5737572
       184.55240       5.7206961
       184.45812       5.4948344
       184.93869       6.0792868
       185.08501       5.9988165
       234.35501      -1.6872263
       115.19197       23.218135
       163.13590       5.6877180
       162.98704       5.6391713
       162.82103       5.8028375
       162.51444       6.1390796
       163.08530       5.8282356
       162.81217       5.9618322
       162.80993       6.0249216
       162.65547       5.7473265
       162.73016       5.7392726
       163.11421       5.5503213
       164.77573       9.1785687
       164.78225       9.0448023
       164.77394       9.0865049
       164.79209       9.1211536
       186.63106       9.7731002
       186.60924       9.7275875
       186.42425       10.025492
       186.46446       10.159831
       186.39405       10.130016
       186.56287       9.9985535
       186.12977       9.8168383
       186.53966       10.217979
       186.40538       10.161307
       186.48618       9.9697692
       186.50323       9.9865930
       174.87441       9.1652498
       175.23429       8.8167169
       175.26238       8.9191434
       175.28001       8.9822910
       175.26239       8.9191494
       175.28000       8.9822957
       187.45502       8.7446349
       187.33969       8.7845887
       187.34050       8.8054491
       187.35151       8.8352080
       187.38757       8.8724078
       187.50913       8.7538335
       187.73207       9.2345486
       187.94461       8.8453832
       187.59512       9.3174159
       188.00135       9.3706646
       187.63496       8.9876652
       187.72168       9.0824827
       187.79737       9.1064259
       187.79937       9.0971115
       187.74154       8.9830335
       187.60497       8.6504205
       187.35104       8.6977629
       187.30620       8.6995294
       187.49092       8.7008218
       187.30963       8.6989329
       187.35201       8.7216547
       187.52666       8.6851036
       187.40237       8.6521788
       187.30726       8.7371756
       187.79075       8.8259352
       187.54394       9.0140947
       187.40956       8.6437337
       143.12365       8.3787089
       143.03806       8.6166266
       143.01846       8.3561860
       185.57590       11.690281
       185.72589       11.801599
       185.52669       11.880181
       185.57593       11.690319
       185.71969       11.699133
       185.65788       11.615379
       185.81606       11.570860
       185.76888       11.564747
       185.52670       11.880195
       185.76888       11.564775
       183.45236       13.573099
       188.97842       11.274315
       188.20895       11.411343
       187.55814       11.842558
       187.69074       11.651020
       187.80355       11.730901
       187.75689       11.804390
       187.69242       11.821599
       187.65189       11.759994
       187.80350       11.730925
       187.70200       11.787141
       187.66738       11.662289
       187.66944       11.852083
       187.57327       11.803853
       187.61789       11.726110
       187.57293       11.748717
       187.74064       11.668566
       187.77320       11.652731
       187.89842       11.571678
       187.57428       11.746554
       188.06452       11.630119
       187.75118       11.842921
       187.58365       11.921914
       187.58358       11.705597
       187.91845       11.717979
       187.61676       11.871582
       187.76810       11.750969
       187.56890       11.746250
       187.59613       11.682580
       187.57871       11.865255
       187.58365       11.921831
       188.03658       11.858989
       187.75146       11.636533
       187.55805       11.842532
       187.55812       11.733772
       187.59553       11.865406
       187.74119       11.925927
       187.92479       11.576313
       158.55746       11.338349
       183.50339       7.2975815
       192.17733       15.048809
       192.70840       15.270943
