       28.895078     -0.33244409
       237.37024      0.43916639
       161.59898     -0.55017828
       170.21271     -0.17296434
       189.73578      0.22263388
       218.33591      0.80191657
       189.96359       1.0202503
       27.391141       13.278471
       28.706188       13.487706
       225.24160       1.7241881
       225.25879       1.6348785
       216.28089       3.2320943
       181.15830       1.7916825
       205.52080       2.0739309
       226.77940       1.6082536
       146.97760       2.0296456
       160.59141       2.7498525
       167.09777       2.8367610
       204.18644       3.2911415
       218.41392       3.9339709
       217.28874       4.7776560
       227.83230       4.1778430
       1.1317230       16.183926
      0.92526203       16.076424
       1.0024653       16.020681
       130.92236       2.7613941
       134.27787       2.8489885
       165.11212       4.2538844
       184.65868       5.6087138
       219.21568       3.4660346
       220.41854       3.5953695
       226.53996       3.6682725
       227.90414       4.4147925
       188.59678       3.9113905
       180.74575       4.2461912
       184.96520       5.8717744
       202.80187      -1.5861648
       316.25871      0.54974311
       317.40607      0.66962070
       323.77407     -0.47579626
       342.88690      0.45536938
       56.921505      0.71490436
       115.03563       23.406724
       162.95991       6.1173148
       125.88421       4.3936485
       128.89480       4.8079676
       168.26932       7.6460332
       175.56529       8.7771856
       186.49373       9.9396231
       186.56544       10.312696
       253.09160       30.469927
       144.66188       8.9431083
       175.56529       8.7771856
       186.77054       8.9600155
       187.29368       8.9173981
       187.40529       8.7325221
       174.27751       9.2524648
       186.08629       11.359635
       157.93959       11.552803
       119.97614       23.415724
       143.09099       8.5179645
       143.57037       9.9958522
       127.09436       24.978339
       185.47686       11.872472
       185.51833       11.571301
       184.71527       12.912443
       189.17659       11.079861
       187.96671       11.398652
       187.64220       11.667180
       187.81674       11.794928
       187.76885       11.943475
       187.89825       11.865177
       202.10084       11.380335
       184.71527       12.912443
       230.35024       30.682791
       228.26916       4.4282039
       144.86939       11.003960
