       28.895078     -0.33244409
       220.31207     -0.11166516
       221.43900     -0.43001036
       221.56549    -0.031467302
       214.27095      0.53364102
       237.37024      0.43916639
       161.59898     -0.55017828
       170.21271     -0.17299998
       189.73578      0.22263388
       218.33591      0.80191657
       189.96359       1.0202503
       190.27049       1.1576546
       27.391141       13.278471
       28.706188       13.487706
       205.85075       1.2647696
       225.24166       1.7241946
       225.22227       1.7299991
       225.24160       1.7241881
       225.25879       1.6348785
       225.22228       1.7300364
       216.28089       3.2320943
       181.15830       1.7916825
       205.52080       2.0739309
       226.77940       1.6082536
       160.59141       2.7498525
       167.09777       2.8367610
       204.18644       3.2911415
       219.79010       3.4137704
       218.41392       3.9339709
       217.28874       4.7776560
       227.83233       4.1778236
       227.88329       4.1578004
       227.83230       4.1778430
       1.1317230       16.183926
      0.92526203       16.076424
       130.92236       2.7613941
       134.27787       2.8489885
       166.48227       4.3141407
       167.49010       4.4759325
       165.11212       4.2538844
       184.65868       5.6087138
       218.48602       3.7071197
       218.57118       3.6269375
       218.48602       3.7071197
       219.21568       3.4660346
       220.41854       3.5953695
       226.53996       3.6682725
       227.90414       4.4147925
       188.83908       6.0968627
       188.59678       3.9113905
       180.74575       4.2461912
       180.84094       4.7709895
       184.96520       5.8717744
       202.80187      -1.5861648
       225.83082      -1.7926415
       316.25871      0.54974311
       317.40607      0.66962070
       323.77407     -0.47579626
       342.88690      0.45536938
       56.921505      0.71490436
       115.03563       23.406724
       162.93573       6.0563196
       162.94374       6.0237762
       162.95991       6.1173148
       125.69561       4.4390914
       125.88421       4.3936485
       128.89480       4.8079676
       168.26932       7.6460332
       186.49373       9.9396231
       175.58615       10.317584
       185.84654       10.519653
       253.09160       30.469927
       327.62030      0.93343085
       186.77054       8.9600155
       187.29368       8.9173981
       187.51149       8.9823544
       187.40529       8.7325221
       174.27751       9.2524648
       175.58615       10.317584
       181.24395       10.612742
       186.08623       11.359608
       185.94798       11.363173
       186.08629       11.359635
       119.97614       23.415724
       143.09099       8.5179645
       127.09436       24.978339
       185.47686       11.872472
       185.51842       11.639493
       185.56438       11.923028
       185.51833       11.571301
       185.58379       11.677513
       184.71527       12.912443
       189.17659       11.079861
       201.95522       10.890058
       187.96671       11.398652
       187.64220       11.667180
       187.81674       11.794928
       187.57489       11.737621
       187.76885       11.943475
       187.89825       11.865177
       187.98565       11.915079
       202.10084       11.380335
       184.71527       12.912443
       174.22781       6.2950410
       230.35024       30.682791
       228.26916       4.4282039
       144.86939       11.003960
