       339.64506       35.341343
       341.05104       30.215911
       338.99631       34.081377
      0.81341591      -7.2171473
      0.87642223      -5.4208245
       355.19672       4.7919997
     0.040766900     -0.52779522
       51.642742       17.185213
       338.24094       34.592114
       340.16701       32.052490
       344.68536       26.557329
       344.68536       26.557338
       357.33307       3.4042255
       337.57056       39.431182
       352.55888       13.755445
       48.823504       2.6388474
       105.61553       38.891156
       115.67970       41.229779
       102.37060       38.384017
       109.69200       40.385434
       105.64765       39.766757
       126.69367      -6.3875018
       146.32393       5.9681895
       140.63411       3.0093547
       109.23329       31.130661
       112.22242       31.166566
       103.76190       29.043760
       99.253015       28.112452
       103.17529       28.126516
       26.650038      -16.284295
       26.650038      -16.284295
       115.92665       18.210203
       107.43168       12.400713
       107.43168       12.400717
       107.32429       12.501011
       114.22946       15.462641
       115.99041       16.843257
       118.56580       17.706391
       116.87872       16.563061
       119.02228       17.374491
       107.06630       13.588350
       118.37346       19.392468
       120.78646       33.733698
       121.22176       33.804000
       120.19394       34.019821
       126.82121       35.456014
       118.74631       34.017074
       174.66273      -1.5812435
       178.25958       5.5705824
       130.02606      -3.6549375
       126.72992      -5.1877653
       125.37608      -5.3784623
       125.37608      -5.3784624
       133.86613     -0.41985911
       122.88810      -6.5664006
       123.69416      -5.9106071
       123.69416      -5.9106143
       126.55853      -4.3774077
       319.52156       19.066944
       315.75760       22.640673
       325.60783       14.976493
       322.82166       18.007195
       74.409979      -4.0759174
       75.119238      -2.8566884
       78.708421     -0.41071801
       78.708421     -0.41071800
       36.222928      -8.5153739
       36.222928      -8.5153739
       120.14544      -7.9572937
       118.88220      -9.8119462
       244.88924    -0.035847150
       183.87248      -1.1892787
       176.13303      -1.0662217
       176.13303      -1.0662217
       217.75920      -1.2514749
       186.05657     -0.82949283
       235.22270     -0.30372994
       172.71302      0.19359708
       223.77355     0.084350670
       173.11266      0.41368733
       180.47657      0.47256487
       184.63085      0.53145286
       127.50605     -0.87920854
       157.50932     -0.94928508
       198.05858     -0.98925215
       195.18185     -0.47950072
       202.94500     -0.57351493
       209.12258     -0.49664549
       178.29466    -0.062477470
       178.29466    -0.062477480
       216.56657    -0.025565830
       202.43660      0.32998734
       202.43661      0.32998731
       202.43660      0.32998714
       206.70986      0.41131619
       213.84821      0.37885991
       202.43660      0.32998711
       213.95953      0.25653489
       213.95953      0.25653606
       224.48622      0.30581148
       128.59699      0.77318734
       175.41738      0.73187777
       130.09289       1.2039506
       198.66625       1.1911616
       207.46613       1.2556891
       207.46613       1.2556892
       17.993942       14.353502
       16.210685       15.147132
       17.486744       15.246662
       25.666772       14.982429
       16.840369       14.274540
       16.435461       15.038025
       18.782469       15.357163
       28.646932       15.011690
       195.30405      -3.4312152
       195.30405      -3.4312152
       196.24764      -3.2984676
       176.54268      -2.8980512
       199.22586      -3.0339566
       194.66674      -1.7719965
       194.95383      -1.7485136
       198.16544      -1.3082100
       196.43352      -2.3202009
       198.18624      -1.9646288
       193.43990      -1.4228143
       193.43989      -1.4228103
       130.36326      -1.1015780
       124.14481     -0.68410952
       140.56264      -1.1987333
       130.00311      0.58421136
       123.01220      0.86539510
       123.77858      0.90032842
       147.66209      -2.7177917
       156.89916      -2.5188725
       140.63543      -1.5893439
       126.32325       47.096355
       126.32325       47.096353
       131.09272       51.144319
       127.06276       48.843993
       252.05436       63.252153
       259.45072       53.506084
       252.73308       64.391901
       253.62055       63.460172
       255.53286       61.436757
       260.43455       54.226520
       259.32145       58.795282
       171.42819       65.651082
       143.85911       59.814976
       152.45330       62.935297
       173.68669       66.435494
       204.24256       65.542829
       204.24256       65.542829
       137.09563       57.896539
       165.23758       65.939681
       215.63085       63.820121
       112.58391       38.257985
       112.58391       38.257997
       262.62224       55.818897
       262.62224       55.818897
       258.79236       64.040832
       119.59993       44.059402
       111.20107       36.666464
       111.20109       36.666468
       145.94092       60.649506
       183.60631       66.550637
       137.29036       57.590243
       215.63086       63.820124
       229.97048       58.943176
       179.76011       67.302784
       179.76013       67.302801
       222.66039       62.388384
       235.15595       57.068788
       239.86701       54.874676
       239.86699       54.874671
       212.61559       65.682568
       125.87794       50.949724
       129.31143       53.454757
       122.61512       50.415622
       248.43802       45.712393
       250.12473       44.467827
       251.56498       44.395885
       211.19470       1.7851520
       216.15701       2.0040648
       189.69462       2.8586182
       186.89862       3.2153726
       181.12887       1.3990188
       153.41727       1.4576449
       155.75130       1.4525655
       199.29930       1.5863863
       131.68153       2.0148992
       146.83752       2.4728152
       170.40440       2.8877778
       215.48477       3.2461836
       239.97844       2.1976290
       212.30788       5.3642612
       119.21026       39.593102
       119.21026       39.593102
       233.74427       53.395969
       233.74427       53.395969
       193.84984       63.803418
       250.67035       40.565040
       239.88974       50.958235
       136.75268       55.298626
       232.23015       55.817098
       255.76033       36.077301
       310.23092      -6.8274518
       318.45350      -7.7771944
       334.70362      -8.8106219
       346.28107      -9.0937828
       348.69680      -9.3298104
       311.13704      -5.2212811
       344.22877      -8.6993770
       310.72620      -4.7257798
       36.222902      -8.5153330
       44.870505      -7.1420168
       355.30826      -8.8462382
       1.5283407      -8.9447246
       315.99130      -7.3356521
       310.18719      -5.7539656
       326.63594      -7.3253502
       311.08851      -4.9231094
       319.09793       9.6465013
       319.09792       9.6464833
      0.80222264       13.983172
       325.84778       11.177948
       318.83356       10.808510
       318.83356       10.808510
       318.24722       10.627575
       322.18390       11.330783
       323.40494       11.977562
       33.916187      -7.6012222
       121.75947       40.450163
       115.01096       35.147808
       351.55136      -9.4974602
       29.983707      -9.7009048
       353.29122      -8.5648347
       149.71652       1.0628817
       124.27905       1.6453686
       124.89130       2.4640129
       144.60804       2.9627540
       144.60804       2.9627540
       175.12783       2.3234377
       175.12783       2.3234332
       158.81534       2.9559806
       154.03140       3.2256177
       125.89109       45.335892
       116.54555       33.504907
       122.92635       40.961008
       121.95304       40.070548
       120.15283       39.183514
       121.44448       41.893883
       128.12813       47.366010
       118.20930       39.311189
       195.16851       64.397893
       188.76895       65.063368
       188.76895       65.063368
       149.19213       2.8214575
       146.61695       3.2525302
       156.93619       4.0427608
       166.68227       5.3454504
       121.12260       3.0848621
       125.68556       3.4370790
       125.46212       3.4580361
       137.23587       4.2465566
       122.82957       37.238844
       115.34780       30.402198
       113.76743       29.386681
       219.54371       59.586634
       210.83860       62.309727
       214.92188       62.689251
       214.92188       62.689251
       229.24122       58.139622
       133.70208       47.000093
       115.00008       31.102866
       141.63499       53.806964
       153.75164       58.187682
       182.38818       62.635842
       180.11247       63.035526
       154.25709       59.756964
       154.25709       59.756964
       147.03709       55.765964
       136.06785       51.059733
       129.47232       1.9766566
       131.68154       2.0149160
       168.46812       3.9593687
       124.47731       2.3833470
       170.13097       4.7652394
       120.89742       2.5286710
       171.42535       4.8256185
       182.21685       4.9976456
       122.51607       2.6590074
       137.67186       3.7663519
       147.71617       4.3749276
       152.97773       4.6138157
       146.20918       4.5499522
       170.86510       5.5466867
       158.91659       5.7534526
       134.18954     -0.92468795
       145.18644      -1.2725349
       150.13220      -1.4203005
       150.13220      -1.4203005
       134.74803     -0.40456888
       230.33379       2.5216742
       213.61830       3.9390490
       226.70585       4.0674994
       208.87969       5.6404947
       227.49263       4.8706218
       227.49263       4.8706219
       237.37878       54.662299
       237.37878       54.662299
       261.79995       27.934874
       222.66036       62.388383
       222.66036       62.388383
       256.60446       35.840863
       257.82081       35.869672
       254.62585       40.322463
       260.22231       32.998541
       133.80490       45.668143
       160.18742       57.263724
       135.79666       48.184147
       165.90465       58.179897
       129.91137       45.481303
       158.96839       57.731814
       160.27509       58.237445
       171.33663       59.838095
       187.10179       60.532058
       165.02318       59.485309
       256.08674       32.654026
       254.10892       37.780365
       254.47706       32.121702
       247.49248       40.829501
       257.21546       31.016470
       233.34337       2.1574000
       233.34337       2.1574000
       228.55739       2.7714515
       250.23341       38.385173
       254.12583       36.005614
       255.52401       34.265060
       206.26335      -3.4055442
       206.70028      -2.2487407
       205.19806      -1.7415052
       209.76214      -3.3242605
       216.74563      -3.0063618
       206.66443      -1.6086524
       217.24906     -0.89408349
       262.09135       27.272386
       261.37783       29.322757
       219.42474      -1.9798231
       227.49263       4.8706083
       227.49263       4.8706083
       213.59996       6.3597722
       232.73945       4.8156835
       243.70781       3.0625586
       237.10953       4.3007871
       237.93912       5.5538111
       174.71004       3.7291663
       188.63118       3.8450183
       188.69796       4.3403069
       182.42285       5.0356727
       210.31481       4.6084710
       176.47867       5.8313579
       184.98189       5.8925097
       126.96181      -2.3838166
       128.91901      -1.7514489
       134.54818     -0.63338869
       238.27284       47.762582
       238.27284       47.762584
       228.89857       54.971982
       221.29113       55.990734
       187.19693       62.454454
       236.24503       48.592420
       235.21123       49.392653
       229.14170       53.775524
       216.87261       58.586452
       266.13227       53.259066
       261.24359       68.777629
       267.63741       53.755796
       270.81100       48.808876
       320.60155       9.9954823
       329.63923       12.509105
       342.84532       14.937030
       342.84532       14.937030
       349.86421       15.455521
       268.34312       44.522464
       268.60437       43.173682
       269.27411       40.806361
       269.79687       40.388457
       344.44169      -8.3781893
       255.51545       75.197246
       264.87989       65.578553
       268.93880       52.661299
       271.45812       46.383487
       320.26005      -1.1607602
       317.81751      0.76488043
       321.02574     -0.44578696
       334.54663     -0.58652265
       339.92075     -0.51022383
       357.59066    -0.083075460
       1.2049348      0.36940519
       145.41082       49.156205
       164.12466       56.653693
       127.76033       36.543247
       118.19498       28.874092
       116.58005       29.263814
       143.21074       45.767272
       142.64741       46.550309
       128.30503       39.185230
       129.50767       40.596167
       122.56137       35.276957
       147.94380       47.526797
       150.88113       50.724215
       113.81760       25.219210
       186.03709       56.221796
       118.36028       30.510467
       114.59582       28.137294
       118.79075       32.952540
       118.79073       32.952536
       113.81169       25.476079
       112.57674       25.364839
       114.10117       27.879845
       187.64950       56.520231
       169.94737       57.846835
       119.00394       26.214578
       125.28024       32.867944
       125.28026       32.867952
       121.14077       30.508222
       115.78007       25.583950
       163.97841       51.454741
       154.92871       52.523557
       136.40697       45.350894
       168.37563       52.197019
       168.37563       52.197019
       129.59189       42.233432
       159.73650       53.819005
       121.59546       30.029796
       127.86969       35.036415
       114.44850       23.931413
       114.44850       23.931413
       191.67515       52.160130
       188.30018       52.682280
       163.73792       51.188448
       163.97841       51.454715
       145.00685       42.111830
       149.38336       44.178711
       149.38336       44.178711
       148.10162       43.836125
       149.22030       44.075844
       149.22030       44.075844
       139.40727       40.872887
       139.40727       40.872887
       152.46898       46.055774
       152.46898       46.055774
       118.06270       26.225016
       118.06270       26.225018
       127.86421       31.704064
       193.63691       48.628591
       129.28123       34.373758
       129.28122       34.373758
       146.83433       43.375799
       227.86088       42.381166
       123.83302       3.2526979
       128.16428       3.7241596
       148.45939       5.7196292
       148.45939       5.7196404
       163.61225       6.6693079
       124.03424       4.5355435
       155.29807       7.4402390
       160.44292       57.085159
       160.44292       57.085159
       160.27509       58.237451
       199.48266       59.176975
       158.91659       5.7534291
       146.86065       6.6600981
       178.07462       8.5795918
       178.07462       8.5795918
       155.29809       7.4402606
       132.90677       5.4187888
       165.15457       9.1626788
       169.79271       9.4278200
       176.51976       9.9353570
       176.51976       9.9353558
       127.98205       6.3458761
       167.16068       53.248278
       154.33917       51.402406
       191.90511       55.409649
       196.35963       55.006749
       159.99998       53.240318
       195.79790       55.671906
       256.76907       24.811173
       214.85393       52.130891
       204.54762       52.431091
       242.69062       35.937971
       244.13598       35.627344
       223.09849       49.161760
       223.09849       49.161760
       214.85027       56.547851
       228.14083       50.754201
       219.81826       55.533665
       254.77484       24.653637
       250.04798       31.892127
       238.39443       43.678958
       236.51554       46.387874
       224.92233       53.532197
       249.59925       37.161673
       208.57616       58.484386
       248.70466       39.251410
       246.05705       38.935384
       255.97684       28.350074
       251.03871       34.692218
       266.51941       42.984162
       267.12407       41.173118
       265.48086       46.890432
       267.62774       39.270095
       266.53836       45.800978
       268.70243       39.081071
       266.13228       53.259050
       268.82616       46.397593
       270.48214       38.859080
       332.21778      0.51902706
       336.92682      0.59733643
       120.91496       26.842202
       47.046886     -0.80786286
       21.677727      0.16865396
       359.97358      0.54782286
       349.51377      0.89735025
       349.51377      0.89735023
       21.481352      0.91578413
       133.67539       33.387040
       115.43850       22.051788
       127.86421       31.704066
       146.32434       6.9537325
       154.28209       8.9959183
       154.28210       8.9959178
       152.37580       9.1198279
       185.00680       10.237135
       181.68999       11.158301
       181.68999       11.158301
       123.21569       6.9676412
       122.43533       24.443580
       125.27477       26.816202
       128.44481       28.966518
       140.95320       36.310331
       124.16343       27.201293
       141.98602       35.050335
       145.01680       37.700944
       145.11333       37.895433
       145.11333       37.895433
       126.30663       27.880575
       129.82267       30.629410
       143.20632       37.432362
       133.67538       33.387037
       125.85300       6.4552498
       129.27704       7.4725704
       129.27704       7.4725704
       149.94526       11.516333
       119.41193       6.4954519
       155.53821       12.022042
       120.26402       6.2984229
       125.06278       7.2137657
       125.06277       7.2137627
       136.85589       10.158411
       119.22160       6.9036610
       181.41592       15.385919
       189.88507       15.510762
       190.81743       48.632605
       211.03002       46.619164
       207.92032       46.375334
       196.91209       49.067041
       215.38166       44.605100
       152.62942       37.336166
       202.65816       55.156343
       227.51055       48.489623
       251.62576       30.334815
       242.93258       40.798720
       242.93258       40.798720
       243.13918       40.571810
       201.25133       57.510235
       202.65819       55.156345
       191.73584       56.533426
       191.73584       56.533426
       185.02583       57.681256
       205.43601       56.332382
       219.64361       52.806154
       247.09311       25.767466
       232.74100       35.714512
       242.99238       29.886707
       242.99238       29.886707
       256.41507       19.738196
       250.69145       25.281558
       244.96673       30.197921
       148.71171       37.541835
       119.70615       19.518343
       113.82785       17.171967
       125.45966       23.880289
       125.45966       23.880289
       123.83347       22.742563
       127.21836       24.774404
       120.64491       21.531715
       124.93786       24.420802
       124.93786       24.420802
       115.68371       18.774984
       139.52175       31.628911
       157.06812       38.541336
       150.65242       37.884569
       154.15513       39.034332
       154.15513       39.034332
       171.89292       45.647787
       174.06636       46.717027
       195.77737       46.782891
       223.80267       39.162511
       227.82187       37.830655
       210.77351       43.717538
       166.12067       12.384829
       190.54601       11.644783
       190.71300       11.621124
       190.71300       11.621124
       199.71614       11.866256
       198.60718       13.094395
       184.00746       44.489329
       188.17562       45.275064
       188.17562       45.275064
       155.98957       41.990577
       209.07588       43.094584
       235.70347       33.720476
       206.18551       41.810040
       210.02715       40.897732
       164.25936       42.357568
       165.24130       43.049863
       177.44943       45.779944
       186.32700       45.847221
       190.96839       11.426154
       190.96839       11.426154
       230.50565       7.9649200
       159.15539       11.144824
       187.73909       12.429029
       187.73909       12.429029
       245.84760       6.0970377
       172.99217       13.071962
       197.00564       13.352998
       142.16062       37.592539
       160.59744       44.606758
       119.74268       25.006073
       171.72953       46.578065
       133.57625       34.604618
       160.13543       44.946749
       160.13543       44.946749
       157.48815       45.344216
       222.52286       39.744624
       196.71877       47.249830
       196.71882       47.249819
       233.43281       7.6844042
       224.35571       9.4741374
       215.43404       11.018834
       243.05264       6.7680531
       232.39188       9.1390650
       237.76376       8.5247584
       242.98642       4.1584590
       227.77914       7.5235490
       209.73353       9.1987441
       226.27914       7.7352527
       227.97467       7.4641399
       243.89662       5.7259453
       217.13701       9.3760141
       211.56762       38.531903
       243.23495       24.922371
       248.83325       21.604818
       234.79011       30.722140
       234.79011       30.722140
       238.40968       28.766299
       254.79064       17.736048
       229.55868       33.668410
       246.49093       23.535446
       246.50695       23.382289
       246.84395       23.321668
       256.24824       16.793752
       231.05040       33.395193
       192.10436       42.757009
       170.19854       42.405109
       170.19854       42.405109
       190.74545       6.7876286
       201.11913       6.5590077
       186.78137       6.9016718
       185.63791       41.581325
       194.84694       41.864770
       209.52723       40.157512
       194.41952       42.537181
       202.81592       41.401590
       202.81592       41.401590
       219.22318       37.532835
       199.51535       42.321723
       219.92786       37.817663
       224.61051       31.596300
       228.28336       30.253322
       215.25968       34.688592
       243.12686       22.582171
       201.63093       38.085470
       247.77030       20.232753
       171.22807       38.779026
       204.28223       37.983944
       227.72689       31.305971
       204.28224       37.983940
       254.25553       16.137778
       132.98809       27.340406
       236.69617       27.661462
       250.01066       19.568710
       254.76044       16.240956
       191.35917       40.359463
       225.97032       32.941960
       235.35859       28.713656
       167.79462       39.627017
       250.41198       20.501064
       237.93911       5.5538208
       205.18377       10.624649
       247.23333       30.538346
       256.84601       21.148443
       210.37688       49.551741
       200.47887       51.717551
       235.56243       40.087994
       247.58813       31.544102
       255.83937       18.207482
       235.70346       33.720470
       247.73481       25.652453
       230.07789       37.175257
       233.82285       35.232945
       246.23223       28.892192
       251.42133       24.932637
       255.94999       20.690254
       245.95265       30.106250
       245.95265       30.106250
       252.54076       25.793524
       250.30713       25.735648
       257.51038       19.641894
       257.51037       19.641899
       252.23503       25.355825
       241.52645       34.691288
       197.31190       15.623153
       211.81144       13.111699
       205.74252       14.606884
       238.17586       30.549389
       243.27967       7.8043042
       241.39874       8.6444193
       221.18132       12.900837
       246.78567       8.2931797
       251.06757       20.906552
       237.90338       30.524556
       256.76818       17.826588
       250.11399       24.360849
       250.11400       24.360853
       211.84853       35.943781
       210.49372       37.132288
       214.54969       37.390889
       254.79063       17.736036
       249.48549       21.175933
       250.92500       20.600074
       250.92500       20.600074
       256.15166       16.912809
       216.86699       34.085710
       251.25992       15.808337
       230.30820       28.042261
       228.93937       29.593969
       235.65434       59.148386
       241.18802       55.787676
       261.14034       31.694049
       233.88163       60.687845
       236.47009       59.093717
       262.04347       30.608940
       251.78877       47.614096
       261.21639       33.534996
       248.39839       51.904190
       248.39839       51.904190
       244.26975       56.159616
       249.56444       51.667562
       253.08125       47.435590
       240.69678       35.775748
       239.43288       37.183593
       244.23942       33.794588
       283.89051       77.374862
       353.52621       46.814721
       352.31228       49.987937
       354.44933       45.761086
       355.59710       46.981540
       359.86454       35.154928
       1.4261075       29.118404
       275.60978       78.197244
      0.56335759       32.143839
       137.13918       59.866677
       131.54803       57.348868
       118.26997       46.797687
       113.76918       41.326582
       120.30785       50.867711
       124.11451       55.402878
       110.76234       41.277369
       127.40523       60.054875
       114.90030       44.635981
       152.81775       68.797244
       114.51031       46.755949
       111.74655       43.535487
       113.87770       47.772037
       120.68766       18.527244
       121.19285       18.808280
       123.83346       22.742565
       113.81042       16.284121
       145.04587       11.498632
       161.21729       13.581088
       154.00815       13.730675
       154.00815       13.730675
       140.25596       11.495607
       132.81682       8.4585832
       125.06277       7.2137666
       125.51496       8.9789874
       128.28346       9.5784078
       187.52942       15.310700
       180.72984       15.592623
       204.77222       38.262030
       181.46151       36.188226
       170.52055       35.453491
       170.52055       35.453491
       181.46151       36.188226
       173.67056       36.720166
       167.82533       36.287355
       153.92062       33.758690
       156.60076       35.381682
       161.25924       36.593001
       116.66313       16.586688
       129.60939       24.737490
       181.26707       39.331434
       156.51506       36.248414
       133.41325       27.998065
       189.02876       40.617388
       209.24806       34.647762
       197.19080       36.500950
       197.19080       36.500950
       197.14606       37.358723
       167.03911       35.097656
       179.71487       36.514026
       200.21961       35.526041
       199.92878       36.047796
       199.92878       36.047796
       145.45420       29.435219
       229.18181       27.887143
       214.54251       33.957738
       231.22267       28.857942
       221.37869       32.845167
       119.53381       16.417809
       129.93672       22.532490
       129.93672       22.532490
       123.41526       20.001656
       251.65855       16.788977
       162.61633       31.842496
       174.84215       35.224824
       186.05932       35.726063
       198.51007       34.990818
       172.32307       35.575227
       120.83538       16.424118
       146.60880       28.756390
       228.22880       28.300055
       245.46702       18.471726
       248.97475       18.036906
       116.30852       12.931938
       217.85739       29.191430
       217.85739       29.191430
       119.16184       15.128478
       135.68751       24.713513
       146.60878       28.756391
       150.72270       30.165259
       230.82021       26.113456
       217.27430       31.120185
       240.44141       22.129562
       123.08431       19.348142
       240.68038       22.584203
       219.85621       26.527436
       225.30111       26.774544
       202.88759       31.977951
       183.56195       33.576393
       244.79435       18.077396
       207.29333       29.443142
       188.66438       32.237301
       229.22923       21.912913
       197.65762       31.452730
       217.09181       29.267900
       222.98429       27.238783
       216.46288       27.488149
       144.32695       26.481607
       248.54835       13.287829
       248.54835       13.287829
       251.67540       13.200014
       250.94645       14.298378
       206.35380       24.956631
       206.35379       24.956627
       209.89926       28.260289
       250.94645       14.298378
       248.15035       13.106804
       237.28227       18.008692
       241.50685       16.847855
       217.94118       24.688761
       217.94116       24.688762
       207.40882       26.874452
       238.22095       19.779662
       240.04164       18.965380
       242.12040       18.128558
       240.04164       18.965380
       238.48113       20.176350
       220.12745       21.828494
       243.02897       14.210434
       227.29734       20.178332
       227.29734       20.178332
       240.90121       16.275662
       248.54835       13.287842
       215.18088       25.150798
       207.24356       26.610781
       207.24356       26.610781
       242.79014       13.408850
       247.35279       12.541258
       214.63826       22.763845
       240.78435       55.667881
       261.91916       29.643941
       244.86943       53.919790
       261.01934       33.453064
       261.01935       33.453064
       244.01369       55.399246
       262.43087       32.834138
       259.17699       39.666825
       253.08124       47.435596
       257.61658       41.427579
       242.29809       59.325426
       242.29806       59.325417
       258.26913       41.634661
       262.65270       33.278136
       259.49025       40.284720
       262.10054       35.824673
       262.79375       33.992025
       263.00958       33.564141
       250.22169       54.295605
       257.41943       45.172591
       264.31930       31.963710
       264.31930       31.963710
       261.14675       39.927916
       18.733354       14.257889
       19.914754       23.004634
       21.149484       31.883722
       19.937999       30.566035
       21.598210       39.907648
       21.579808       43.028853
       16.840360       14.274516
       270.81073       22.940129
       270.12148       23.153506
       264.52289       25.884000
       260.27345       26.190225
       259.65921       27.419965
       329.85995      -8.0137318
       267.31184       24.194326
       306.37741       5.1957236
       308.25563       4.1969546
       312.43338       1.7151011
       318.52600      -2.0793059
       267.06275       25.620116
       269.81040       25.191694
       307.75937       6.8187086
       310.26299       5.3919145
       24.326881       45.448748
       21.095670       33.717367
       18.092957       15.738906
       20.770837       33.821082
       22.465649       43.713761
       23.173731       45.926704
       17.941933       16.884104
       18.005384       17.321051
       18.979392       26.319124
       21.109181       42.773662
       17.781391       24.006271
       267.30150       24.469543
       271.70284       23.294251
       267.34489       25.678323
       266.39871       26.360936
       326.13056      -6.9882949
       326.13058      -6.9883149
       328.14906      -6.8439253
       266.90840       24.025341
       313.58570      0.67040391
       316.50543      -1.2558635
       317.45386      -1.6855288
       263.05012       25.672756
       309.81835       3.3973368
       309.81835       3.3973349
       266.12817       25.738969
       310.18339       4.1460416
       358.27363       23.662705
       11.901863       23.580583
       9.6322292       24.300466
       34.285917       22.779159
       20.746843       25.063415
       30.641976       23.689251
       38.853161       21.005338
       309.58641       13.511009
       309.59662       13.654764
       313.71708       15.126153
       309.68355       14.082407
       310.83319       14.378005
       314.90768       15.807573
       314.90768       15.807573
       315.31607       16.109912
       306.72646       13.419771
       333.06092       21.194762
       312.75933       15.965192
       308.75995       14.983120
       313.60380       16.697657
       332.62228       21.930433
       333.40300       22.225300
       336.55979       22.929653
       307.12603       14.848652
       332.94470       22.458170
       8.9547607       24.828221
       12.155346       24.632651
       332.44134       20.509301
       333.68576       21.187177
       331.95518       21.220900
       308.18596       13.216327
       314.10097       15.321643
       316.43342       16.672893
       322.46761       18.418198
       310.01591       14.774776
       310.66137       15.137550
       312.13760       15.514293
       312.80068       15.878401
       307.32587       14.321420
       307.71582       14.375496
       312.13369       16.169839
       315.68156       17.229505
       304.94019       14.383169
       309.13051       16.005930
       313.17471       17.370569
       116.03514       12.033605
       126.69304       18.065480
       115.19509       13.553033
       131.22512       19.307147
       146.98872       27.116423
       138.05456       24.608206
       150.24455       28.678237
       150.72863       28.738600
       112.06340       64.885145
       105.01760       64.947081
       87.477483       62.791594
       127.79711       19.317299
       116.09416       13.640662
       119.87556       12.248429
       120.50290       12.763478
       120.50290       12.763478
       147.78791       23.556493
       120.80682       13.335228
       143.69354       22.626411
       182.18611       29.345726
       117.86981       12.278984
       129.57519       17.915028
       117.97635       13.266364
       117.97635       13.266364
       25.182127       5.9175266
       36.743471       6.4047598
       35.544605       7.4125061
       182.23063       28.925701
       123.62582       15.794120
       124.80982       16.279654
       121.65212       15.312136
       121.65212       15.312136
       184.69019       30.660220
       187.23224       30.787643
       126.69304       18.065471
       120.50291       12.763504
       193.94473       28.143946
       119.58719       10.916641
       118.63434       11.516645
       120.50291       12.763504
       102.70276       64.952595
       116.57367       66.438641
       125.48749       66.531441
       119.22088       67.242594
       177.40380       26.464175
       181.66622       27.952385
       119.87557       12.248409
       121.52077       13.348837
       121.67494       13.450681
       174.38265       27.359185
       174.38265       27.359185
       169.92546       27.450054
       170.00441       27.375512
       143.69351       22.626422
       203.94656       25.239583
       203.94656       25.239583
       194.74138       27.125593
       194.96665       27.961821
       179.82402       26.112264
       134.22448       15.160765
       124.91543       12.833076
       162.69124       23.116146
       122.18412       12.119091
       121.84816       11.920776
       125.01868       13.336600
       123.44101       10.985919
       123.93068       12.057673
       119.58719       10.916642
       206.08064       21.113297
       185.10121       22.349355
       185.10121       22.349355
       206.08064       21.113297
       203.89616       22.493433
       215.99516       20.643923
       220.97290       19.780925
       118.49487       8.2517202
       120.88671       8.9471835
       128.45428       12.443327
       128.34804       13.490283
       157.00041       20.692309
       210.53042       20.914413
       223.05460       18.589876
       246.20544       11.944594
       209.25647       22.220009
       170.96538       24.360441
       166.21256       24.747132
       205.25001       17.921688
       221.23422       15.890485
       230.87296       14.935806
       164.26685       19.956379
       164.26685       19.956379
       191.29483       19.465319
       223.30113       16.535360
       235.14073       12.729781
       235.39647       13.124252
       247.56542       10.149879
       210.24924       15.306969
       206.46775       17.005316
       236.65563       10.014796
       218.88031       14.487681
       246.20543       11.944598
       238.53020       15.187670
       219.94027       13.373158
       246.32680       7.4827032
       246.32680       7.4827032
       206.10907       16.096839
       244.51677       9.5184314
       257.85824       42.892176
       132.77027       16.769733
       171.29355       20.260927
       189.60567       20.617736
       189.60567       20.617736
       197.47889       20.364687
       221.66286       19.284066
       229.38262       17.161747
       220.12747       21.828490
       220.12747       21.828490
       258.24033       41.252679
       257.85824       42.892176
       261.72202       35.793608
       259.37952       43.378997
       245.62576       10.523836
       242.69706       11.924872
       234.58845       63.422274
       256.69702       45.390674
       243.63439       60.219945
       189.08962       16.546907
       248.54834       13.287828
       250.86826       13.462033
       254.65462       11.854911
       185.75995       5.0038895
       280.16686       42.049255
       258.37607       43.500618
       261.21317       43.207495
       269.49999       42.139243
       267.71111       42.447230
       283.87058       39.217257
       271.30319       42.839107
       289.16257       37.928629
       259.88378       10.616363
       257.01879       9.5538826
       262.17225       7.7816466
       257.48166       10.440890
       258.74048       10.632512
       310.62697      -16.225396
       303.58238      -12.817019
       301.56958      -11.328447
       307.07233      -13.784289
       306.41250      -13.211397
       306.08890      -12.512569
       307.64979      -12.720695
       258.61089       43.497038
       282.91010       39.285272
       290.59130       36.511109
       290.52353       36.717295
       286.69178       38.432546
       286.69348       38.434667
       286.90161       38.496629
       286.83518       38.520673
       291.16739       36.750678
       291.16627       36.752879
       291.24252       36.859182
       291.29366       36.745436
       291.32144       36.728971
       291.50778       36.658519
       291.38320       36.808104
       291.60031       36.719005
       264.64988       44.020955
       292.11816       36.945592
       267.16365       44.537097
       267.71222       44.275871
       276.73184       42.808289
       292.60883       37.640784
       279.14604       42.468705
       292.36300       38.317728
       292.41359       38.174028
       292.59139       38.098689
       3.8060888       7.4837161
       353.71162       8.1837546
       19.154573       7.1153966
       304.39068      -13.921617
       308.44007      -14.675631
       300.75257      -10.884637
       303.53110      -12.210230
       302.39502      -10.605693
       308.98717      -13.450592
       322.33469       4.6094832
       325.48891       4.8602200
       333.72187       5.9601176
       320.41760       5.2465010
       327.18678       5.8987079
       314.63149       5.1055230
       347.58662       7.5432775
       310.87677       5.1020636
       310.25210       5.1140160
       318.41337       5.8403484
       310.25957       5.4171803
       328.80252       7.2921693
       335.56481       7.6744691
       313.46586       3.6134954
       313.46549       3.6146750
       325.87779       5.9562522
       318.18382       5.7228502
       317.03444       5.4888511
       329.94692       6.6809329
       308.32462       5.0347261
       327.06708       6.7778565
       118.89927       9.6227768
       121.08133       12.497011
       135.48734       14.454166
       138.64927       16.305270
       140.59136       16.266343
       133.64662       15.343868
       118.06646       8.0346270
       126.67305       9.7179004
       118.60872       9.4736521
       118.89923       9.6227764
       38.841042       27.690809
       120.88671       8.9471795
       119.48979       7.7302173
       120.33083       8.0810840
       120.33083       8.0810841
       119.94628       8.0179272
       147.65085       15.449503
       159.19882       18.166267
       148.90090       16.879460
       140.70752       12.432199
       89.009523       82.372027
       140.70752       12.432199
       121.49013       8.6400778
       126.20573       10.303165
       176.13478      -1.9411343
       182.38485       10.738127
       177.43286       3.8312299
       172.59526      -7.9447043
       163.01296      -22.950817
       168.91445      -11.468831
       119.22161       6.9036464
       130.18364       9.7170875
       121.05155       7.8658119
       120.33083       8.0810923
       136.11954       11.928730
       191.92708     -0.14029880
       191.39803      -10.331481
       173.51759       71.098293
       167.73061       75.614662
       148.52411       81.052490
       191.93328      -12.984772
       189.91207      -11.624377
       256.65993       35.200037
       255.95650       37.295321
       255.95650       37.295321
       259.38481       32.037493
       261.80157       31.664461
       257.01898       9.5546173
       258.01218       10.892189
       259.81685       9.9050298
       235.65439       59.148373
       256.67340       63.291829
       240.60185       61.340224
       231.69899       59.262889
       243.59750       63.260413
       280.46506       62.879195
       263.67317       63.654479
       268.50171       63.680268
       270.78465       63.760812
       266.71293       64.084546
       280.11277       63.712703
       280.11352       63.712301
       289.89376       61.847054
       267.71518       65.600339
       232.38553       58.298770
       243.90559       61.616855
       277.42315       63.705660
       250.57595       63.239446
       258.42901       64.106003
       233.47934       59.989850
       257.97811       64.348479
       284.03733       64.869870
       273.31151       65.515096
       206.26331      -3.4055523
       207.86609      -5.8412347
       212.49830      -14.345062
       212.49830      -14.345062
       212.60073      -15.903453
       204.86262       4.2454910
       204.86262       4.2454910
       215.66345      -20.121042
       284.41359       63.325783
       280.11349       63.712309
       294.09355       35.992194
