      0.81341591      -7.2171473
      0.87642223      -5.4208245
       51.642742       17.185213
       340.16701       32.052490
       357.33307       3.4042255
       105.78149       37.993385
       105.61553       38.891156
       115.67970       41.229779
       109.69200       40.385434
       111.55701       40.696011
       105.93807       39.829588
       105.64765       39.766757
       107.95698       40.790379
       117.64621       42.230942
       105.70399       39.916213
       126.69367      -6.3875018
       123.90921      -7.1400630
       127.45357      -4.9353888
       128.18385      -4.4782245
       127.99099      -4.6460092
       128.33481      -4.3678395
       140.63411       3.0093547
       103.17529       28.126516
       104.20408       28.684197
       108.69513       30.248266
       101.92236       28.169254
       102.08360       28.675368
       102.39226       28.803456
       102.88754       29.093563
       104.41890       29.614670
       105.15607       29.874397
       104.11266       29.828714
       107.43168       12.400713
       107.43168       12.400717
       107.32429       12.501011
       114.22946       15.462641
       118.56580       17.706391
       78.178794      -2.8273278
       120.78646       33.733698
       126.82121       35.456014
       174.66273      -1.5812435
       178.09755       5.4979339
       178.34580       5.7807258
       178.62654       6.4846739
       178.71415       6.4880719
       179.65721       8.3134106
       179.64157       8.2681653
       179.78212       8.3995840
       136.20905      0.89065485
       325.60783       14.976493
       73.678919      -4.2254487
       117.21845      -10.887373
       223.77355     0.084350670
       206.05823      0.52387954
       240.04630      0.52647156
       178.29466    -0.062477470
       178.29466    -0.062477480
       163.01073      0.26118421
       206.70986      0.41131619
       128.59699      0.77318734
       171.64943      0.73437698
       140.63543      -1.5893439
       126.32325       47.096353
       116.02766       40.866039
       210.78455       65.235768
       235.14939       57.003703
       235.14939       57.003703
       235.15595       57.068788
       211.36278       65.998335
       211.36276       65.998340
       236.46492      0.51059872
       209.62927       2.2326765
       199.57929       1.1722427
       138.29861       1.0211770
       203.23147       1.5552829
       214.47052       1.9163415
       202.14903       2.9153283
       239.88974       50.958235
       232.23015       55.817098
       255.76033       36.077301
       311.13704      -5.2212811
       36.222902      -8.5153330
       310.18719      -5.7539656
       311.79177      -5.9471859
       319.09793       9.6465013
       319.09792       9.6464833
      0.80222264       13.983172
       325.84778       11.177948
       318.83356       10.808510
       318.83356       10.808510
       318.24722       10.627575
       170.13097       4.7652394
       171.42535       4.8256185
       137.67186       3.7663519
       254.62585       40.322463
       183.87655       58.933323
       183.87655       58.933323
       255.85521       35.857781
       236.53163       50.940527
       342.84532       14.937030
       342.84532       14.937030
       266.45695       56.090141
       266.45695       56.090141
       255.51545       75.197246
       268.93880       52.661299
       271.45812       46.383487
       357.59066    -0.083075460
       113.81760       25.219210
       118.79075       32.952540
       118.79073       32.952536
       115.78007       25.583950
       163.97841       51.454741
       168.37563       52.197019
       168.37563       52.197019
       121.59546       30.029796
       143.21345       45.064713
       143.21345       45.064712
       163.97841       51.454715
       119.48817       26.600070
       193.63691       48.628591
       129.28123       34.373758
       129.28122       34.373758
       123.83302       3.2526979
       156.33017       7.0431890
       146.86065       6.6600981
       191.90511       55.409649
       254.77484       24.653637
       250.04798       31.892127
       238.39443       43.678958
       224.92233       53.532197
       208.57616       58.484386
       248.70466       39.251410
       251.03871       34.692218
       265.48086       46.890432
       266.13228       53.259050
       120.91496       26.842202
       47.046886     -0.80786286
       146.32434       6.9537325
       140.95320       36.310331
       112.17723       17.870317
       129.27704       7.4725704
       155.53821       12.022042
       119.22160       6.9036610
       211.03002       46.619164
       215.38166       44.605100
       152.62942       37.336166
       251.62576       30.334815
       199.66990       57.347749
       219.64361       52.806154
       247.09311       25.767466
       242.99238       29.886707
       242.99238       29.886707
       256.41507       19.738196
       256.41506       19.738196
       250.69145       25.281558
       113.82785       17.171967
       185.67535       47.914416
       185.67535       47.914408
       190.71300       11.621124
       190.71300       11.621124
       167.52710       44.781082
       206.18551       41.810040
       186.32700       45.847221
       222.52286       39.744624
       243.82719       6.2206278
       243.05264       6.7680531
       232.39188       9.1390650
       242.10949       5.5397287
       243.89662       5.7259453
       217.13701       9.3760141
       211.56762       38.531903
       234.79011       30.722140
       234.79011       30.722140
       208.72075       40.470076
       208.72075       40.470076
       246.49093       23.535446
       218.48408       11.679545
       192.10436       42.757009
       170.19854       42.405109
       170.19854       42.405109
       190.74545       6.7876286
       224.61051       31.596300
       215.25968       34.688592
       243.12686       22.582171
       247.77030       20.232753
       204.28223       37.983944
       204.28224       37.983940
       132.98809       27.340406
       236.69617       27.661462
       250.01066       19.568710
       191.35917       40.359463
       225.97032       32.941960
       250.41198       20.501064
       234.06814       39.900255
       256.84601       21.148443
       200.47887       51.717551
       255.83937       18.207482
       247.73481       25.652453
       244.03410       8.0085368
       238.17586       30.549389
       254.79063       17.736036
       249.48549       21.175933
       250.92500       20.600074
       250.92500       20.600074
       251.25992       15.808337
       228.93937       29.593969
       261.14034       31.694049
       353.52621       46.814721
       356.23377       39.443025
       359.24811       33.388124
       359.86454       35.154928
       120.30785       50.867711
       114.90030       44.635981
       111.74655       43.535487
       113.87770       47.772037
       132.81682       8.4585832
       187.52942       15.310700
       180.72984       15.592623
       204.77222       38.262030
       189.02876       40.617388
       209.24806       34.647762
       190.12419       37.829507
       231.22267       28.857942
       119.53381       16.417809
       124.27223       18.298092
       228.22880       28.300055
       217.85739       29.191430
       217.85739       29.191430
       223.60058       27.825293
       139.95762       25.924053
       146.60878       28.756391
       150.72270       30.165259
       229.22923       21.912913
       233.68790       23.825752
       248.12437       12.090783
       248.15035       13.106804
       241.50685       16.847855
       239.62985       14.090929
       247.35279       12.541258
       261.01934       33.453064
       261.01935       33.453064
       262.43087       32.834138
       255.27183       45.296629
       242.29809       59.325426
       262.65270       33.278136
       262.79375       33.992025
       257.41943       45.172591
       264.31930       31.963710
       264.31930       31.963710
       21.598210       39.907648
       270.12148       23.153506
       264.52289       25.884000
       273.52214       24.181453
       268.32233       24.229883
       259.65921       27.419965
       308.25563       4.1969546
       312.43338       1.7151011
       257.46320       28.817890
       315.29231      0.44005222
       18.092957       15.738906
       17.941933       16.884104
       264.50706       24.785271
       267.30150       24.469543
       255.95351       27.100861
       266.90840       24.025341
       317.45386      -1.6855288
       257.31863       27.704021
       20.746843       25.063415
       305.39648       12.151723
       305.39648       12.151723
       305.42102       12.138015
       305.42102       12.138015
       305.60270       12.216592
       305.60270       12.216592
       308.21125       13.029974
       309.59662       13.654764
       305.29516       12.010269
       305.29516       12.010269
       305.30154       12.042643
       305.34112       12.090306
       309.68355       14.082407
       310.83319       14.378005
       313.00833       15.236242
       305.09445       12.812159
       305.09445       12.812159
       305.08732       12.849311
       305.11284       12.843604
       305.14154       12.819288
       305.15073       12.782494
       305.15073       12.782494
       305.14154       12.819288
       305.19504       12.913368
       305.20844       12.887922
       305.24067       12.831847
       305.16614       12.959230
       305.18698       12.947801
       305.24067       12.831847
       305.22085       12.899244
       305.22085       12.899244
       305.28159       12.932872
       305.36807       12.909986
       307.23618       13.713191
       305.07787       12.720744
       305.04870       12.874979
       305.03676       12.875284
       304.98895       13.269256
       305.05514       13.160227
       304.99758       13.134505
       305.05100       13.169108
       305.05100       13.169108
       305.04381       13.176698
       305.09571       13.219923
       305.09571       13.219923
       305.09855       13.214593
       305.09855       13.214593
       305.15779       13.221489
       305.15779       13.221489
       305.10017       13.220105
       305.14052       13.189624
       305.10017       13.220105
       305.27886       13.231403
       305.27257       13.301500
       305.27257       13.301500
       305.27691       13.274943
       305.34492       13.294312
       305.36145       13.340438
       305.26323       13.266136
       305.36145       13.340438
       305.26323       13.266137
       305.38988       13.285004
       305.73740       13.435794
       306.24675       13.624930
       306.40788       13.662087
       306.64475       13.957022
       306.47489       13.807267
       306.45402       13.821472
       306.74619       13.797536
       306.47489       13.807267
       311.08814       15.547642
       304.94873       13.775415
       305.07771       13.603072
       305.07771       13.603072
       305.06908       13.690147
       304.60682       14.006766
       304.76868       14.147095
       304.86675       14.002739
       304.83216       14.059488
       304.84608       14.002083
       304.92808       14.162217
       304.95140       14.046208
       304.97561       14.072091
       306.35406       14.712558
       306.35406       14.712558
       306.64450       14.644290
       306.64450       14.644290
       307.11847       14.879662
       307.16872       14.959312
       307.20774       14.874661
       307.20774       14.874661
       308.50594       15.336344
       308.59104       15.578375
       304.51757       14.033813
       339.08585       21.767829
       331.95518       21.220900
       308.18596       13.216327
       320.11689       17.377141
       306.68925       13.168582
       307.27538       13.310478
       308.27408       13.719534
       310.39214       14.556201
       313.05409       15.521997
       313.98471       15.890669
       314.09794       15.859118
       314.24977       15.933127
       315.42398       16.361767
       315.44021       16.383766
       316.36414       16.665169
       322.46761       18.418198
       322.85820       18.574942
       306.19791       13.562534
       312.10047       15.567739
       314.13716       16.363833
       316.03299       16.900630
       320.28116       18.269866
       321.87166       18.606354
       323.92446       19.288500
       323.48099       19.134000
       307.32587       14.321420
       310.17129       15.306400
       304.71528       13.789459
       308.89136       15.896343
       126.69304       18.065480
       131.22512       19.307147
       136.76580       21.673038
       143.21298       25.895526
       146.98872       27.116423
       120.50290       12.763478
       120.50290       12.763478
       143.69354       22.626411
       117.86981       12.278984
       129.57519       17.915028
       117.97635       13.266364
       117.97635       13.266364
       123.62582       15.794120
       121.65212       15.312136
       121.65212       15.312136
       102.70276       64.952595
       116.57367       66.438641
       125.48749       66.531441
       170.00441       27.375512
       203.94656       25.239583
       203.94656       25.239583
       134.22448       15.160765
       124.35386       12.143065
       162.69124       23.116146
       121.84816       11.920776
       136.55910       18.172157
       185.10121       22.349355
       185.10121       22.349355
       235.56184       15.047762
       235.56184       15.047762
       198.72376       22.547131
       215.99516       20.643923
       120.88671       8.9471835
       218.57583       18.308377
       157.00041       20.692309
       209.25647       22.220009
       164.26685       19.956379
       191.29483       19.465319
       223.41579       13.011885
       218.88031       14.487681
       189.60567       20.617736
       189.60567       20.617736
       189.08962       16.546907
       280.22345       40.824134
       280.16686       42.049255
       258.37607       43.500618
       261.21317       43.207495
       271.30319       42.839107
       259.88378       10.616363
       257.48166       10.440890
       258.61089       43.497038
       268.20745       42.982631
       270.74806       42.720938
       284.92083       39.149178
       266.07276       43.777358
       265.71153       43.853748
       272.36982       42.714969
       267.16365       44.537097
       5.4207000       6.8549727
       304.39068      -13.921617
       308.44007      -14.675631
       300.75257      -10.884637
       308.98717      -13.450592
       333.72187       5.9601176
       347.81794       7.4906915
       347.58662       7.5432775
       313.46549       3.6146750
       345.25092       6.7255135
       325.87779       5.9562522
       317.03444       5.4888511
       118.89927       9.6227768
       121.08133       12.497011
       135.48734       14.454166
       126.17189       10.083452
       38.841042       27.690809
       120.88671       8.9471795
       120.33083       8.0810840
       120.33083       8.0810841
       126.20573       10.303165
       182.38485       10.738127
       172.59526      -7.9447042
       172.59526      -7.9447043
       119.22161       6.9036464
       120.33083       8.0810923
       191.39803      -10.331481
       167.73061       75.614662
       189.91207      -11.624377
       231.69899       59.262889
       286.98518       63.082625
       287.58293       63.425063
       287.34841       63.470707
       233.47934       59.989850
       257.97811       64.348479
       206.26331      -3.4055523
       212.49830      -14.345062
       212.49830      -14.345062
       262.05344       65.542493
