alpha
0.0592411
0.0369190
0.0786641
0.0709011
0.0762091
0.0362890
0.0550065
0.0485688
0.0501144
0.0378554
0.0480537
0.0772257
0.0402916
0.0400809
0.0369002
0.0803691
0.0791051
0.0788112
0.0768719
0.0693624
0.0977208
0.0796842
0.0802622
0.0934501
0.0452094
0.0365053
0.0367068
0.0479868
0.0484195
0.0594130
0.0482057
0.0463689
0.0359665
0.104734
0.0371245
0.0505147
0.0509241
0.0653275
0.0512055
0.0376514
0.0380033
0.0448464
0.0369400
0.0373292
0.0580120
0.0396449
0.0781698
0.0824886
0.0490707
0.0722451
0.0923067
0.0451615
0.0704564
0.0686705
0.0686270
0.0506390
0.0366284
0.0626998
0.0584261
0.133982
0.0361836
0.0380614
0.0373070
0.0373865
0.0379376
0.0369445
0.0364130
0.0360941
0.0372243
0.0412073
0.0555307
0.0562061
0.0771009
0.0791184
0.0735767
0.0603583
0.0642690
0.0624712
0.0467813
0.0467968
0.0484566
0.0591823
0.0597553
0.0524740
0.0644961
0.0363129
0.0449538
0.0372412
0.0818332
0.0810419
0.0594108
0.0480075
0.0395229
0.0369672
0.0361656
0.0363238
0.0364118
0.0382760
0.0382409
0.0382457
0.0628554
0.0368742
0.0809836
0.0363762
0.0588489
0.0602388
0.0579205
0.0424487
0.0442416
0.0436157
0.0371692
0.0562367
0.0393040
0.0370661
0.101229
0.0999666
0.0791356
0.0780380
0.0706741
0.0619289
0.0604092
0.0543138
0.0556241
0.0553957
0.0486074
0.0415553
0.0371548
0.0363231
0.0365478
0.0412002
0.0373864
0.0420801
0.0411001
0.0438569
0.0433550
0.0444441
0.0448093
0.0505985
0.0420783
0.0399844
0.0433566
0.0449921
0.0584875
0.0557664
0.0558143
0.0566062
0.0425971
0.0686065
0.0519451
0.0541953
0.0401956
0.0409466
0.0704930
0.0418906
0.0359605
0.0557614
0.0536292
0.0679180
0.0586243
0.0611255
0.0751512
0.0720694
0.0776086
0.0551493
0.0546405
0.0361393
0.0369705
0.0367174
0.0422773
0.0782063
0.0439781
0.104576
0.0359625
0.227530
0.234707
0.0480936
0.0367149
0.0448896
0.0359238
0.0487859
0.0481213
0.0678157
0.0617475
0.0402723
0.0466811
0.0476389
0.0480777
0.0601938
0.0397693
0.0395536
0.0433357
0.0441255
0.0427507
0.0504806
0.0583781
0.0484801
0.0548891
0.0714863
0.0452656
0.0610917
0.0610794
0.0592187
0.0597508
0.0463674
0.0525255
0.0543658
0.0457895
0.0465050
0.0390475
0.0385145
0.0394990
0.0423473
0.0413590
0.0387788
0.0552963
0.0363853
0.0372221
0.0502032
0.0685040
0.0614970
0.0744672
0.0418041
0.0468485
0.0417927
0.0415149
0.0388463
0.0424839
0.0469524
0.0399701
0.0358678
0.0361344
0.0367826
0.0491673
0.0365764
0.0488763
0.0520294
0.0570051
0.0577731
0.0551661
0.0539678
0.0728737
0.0370260
0.102954
0.0565890
0.0362603
0.0459068
0.0524044
0.0783716
0.0435662
0.0425171
0.0415163
0.0405367
0.0390244
0.0364633
0.0363344
0.0740469
0.0659474
0.0401599
0.0601658
0.0361614
0.0463376
0.0364971
0.0565364
0.0380854
0.0456810
0.0456323
0.0673091
0.0426962
0.0401156
0.0734258
0.0363312
0.0365577
0.0567069
0.0375678
0.0566228
0.0749660
0.0364500
0.0987854
0.0655107
0.0383896
0.0462723
0.0412658
0.0361092
0.0401721
0.0498226
0.0552175
0.0429692
0.0416030
0.0419077
0.0361909
0.0359774
0.0358684
0.0371662
0.0369589
0.0567826
0.0473307
0.0481954
0.0381385
0.0618415
0.0620412
0.0612949
0.0734037
0.0652288
0.0399216
0.0412502
0.0415730
0.0553911
0.0528612
0.0384195
0.0386509
0.0397637
0.0453150
0.101314
0.0419715
0.0672371
0.0663321
0.0416310
0.0656526
0.0442900
0.0437912
0.0372948
0.0373797
0.0481674
0.0649773
0.0587042
0.0449128
0.0587108
0.0584146
0.0407038
0.0407514
0.0444945
0.0397654
0.0366509
0.0683175
0.0650098
0.0359820
0.0358388
0.0368768
0.0695575
0.209835
0.0556857
0.0404688
0.102611
0.0512535
0.0681350
0.0487942
0.0794549
0.0799541
0.0809392
0.0480352
0.0565662
0.0644361
0.0627819
0.0408443
0.0498814
0.0543508
0.0788136
0.0370258
0.0365643
0.0375468
0.0414955
0.0413211
0.0546612
0.0400638
0.0513755
0.0434758
0.0361006
0.0358553
0.0481432
0.0479369
0.0484156
0.0516129
0.0496385
0.0407683
0.0507541
0.0770801
0.0789947
0.0417494
0.0412462
0.0643163
0.0364120
0.0372901
0.0610786
0.0368534
0.0371372
0.0395752
0.0889637
0.0897687
0.0427471
0.0437462
0.0395919
0.0471833
0.0508830
0.0508839
0.0416574
0.0499616
0.0359064
0.116467
0.117087
0.0509191
0.0848988
0.0580589
0.0442770
0.0764494
0.0420225
0.0387801
0.0788421
0.0363664
0.0409266
0.0407932
0.0490327
0.0360122
0.0809761
0.0478872
0.100965
0.0402140
0.0360110
0.0365813
0.0364258
0.0448431
0.0456166
0.0461844
0.0440271
0.0449942
0.0437653
0.0376744
0.0438905
0.0363367
0.0442875
0.0373019
0.0454660
0.0461569
0.0752481
0.0404479
0.0395195
0.0366917
0.0422221
0.0376840
0.0367941
0.0402327
0.0414227
0.0488765
0.0373037
0.0710442
0.0365012
0.0511009
0.0533892
0.0483623
0.0537910
0.0459699
0.0913099
0.0398139
0.0393764
0.0453324
0.0514599
0.0529409
0.0717540
0.0712381
0.198943
0.0547347
0.0368825
0.0620291
0.0496704
0.0372109
0.0739995
0.0681891
0.0403979
0.0510686
0.0521410
0.0507331
0.0527639
0.0408997
0.0480432
0.0503743
0.0517340
0.0510814
0.0521941
0.0713899
0.0400690
0.0714064
0.0400697
0.0370404
0.0367665
0.0564459
0.0565660
0.0447062
0.0517309
0.0735441
0.0470726
0.0617055
0.0522380
0.0512525
0.0729505
0.0415304
0.0412509
0.0732556
0.0377230
0.0438579
0.0548866
0.0386749
0.0381319
0.0652553
0.0726993
0.0494361
0.0487252
0.0756148
0.0765687
0.0773088
0.0524810
0.0498682
0.0451317
0.0444529
0.0461638
0.0544482
0.0488677
0.0432684
0.0417870
0.0430583
0.0593473
0.0447952
0.0555760
0.0428897
0.0368717
0.0436500
0.0438577
0.0433688
0.0364277
0.0435164
0.0426517
0.0433515
0.0366581
0.0536027
0.0433223
0.0443782
0.0418154
0.0435580
0.0442322
0.0501447
0.0437474
0.0443562
0.0454850
0.0436166
0.0433873
0.0441350
0.0423096
0.0368949
0.0402889
0.0409876
0.0496301
0.0440843
0.0447617
0.0476009
0.0442188
0.0503058
0.0443264
0.0450836
0.0440300
0.0423689
0.0487819
0.0475664
0.0401045
0.0490690
0.0417669
0.0457255
0.0455124
0.0436148
0.0391504
0.0476626
0.0434807
0.0454521
0.0502748
0.0510115
0.0491871
0.0445086
0.0546796
0.123634
0.0430098
0.0490356
0.0511858
0.0429344
0.0499689
0.0441610
0.0496816
0.0490161
0.0411208
0.0428377
0.0395587
0.0456890
0.0482818
0.0454335
0.0455319
0.0432418
0.0481391
0.0486281
0.0438460
0.0407555
0.0456857
0.0458300
0.0443574
0.0412656
0.0479075
0.0447090
0.0461223
0.0463461
0.0487535
0.0446602
0.0358935
0.0529958
0.0502482
0.0431792
0.0439021
0.0472770
0.0486886
0.0426605
0.0358563
0.0424857
0.0431078
0.0434688
0.0453616
0.0465959
0.0463158
0.0462313
0.0371473
0.0590891
0.0444715
0.0417904
0.0381378
0.0435558
0.0436640
0.0369763
0.0373452
0.0666569
0.0429237
0.0425918
0.0482769
0.0447061
0.0535525
0.0381694
0.0375463
0.0371922
0.0405912
0.0371448
0.0363569
0.0383703
0.0373676
0.0492529
0.0402329
0.0428209
0.0393127
0.0403149
0.0458319
0.0534193
0.0764076
0.0441689
0.0436379
0.0445460
0.0399987
0.0361969
0.0442751
0.0457699
0.0466863
0.0398482
0.0428958
0.0444193
0.0404448
0.0579531
0.0546979
0.0361289
0.0431848
0.0433969
0.0442642
0.0371331
0.164432
0.0403190
0.0441933
0.0445788
0.0430056
0.0452266
0.123619
0.113066
0.0468900
0.0471917
0.0794017
0.0430742
0.0450247
0.0443456
0.0442327
0.0452714
0.0430345
0.0442216
0.0446014
0.0602988
0.0371219
0.0404016
0.0378465
0.0376959
0.0416272
0.0372645
0.0484942
0.0482568
0.0444523
0.0432436
0.0435050
0.0470259
0.0454635
0.0432309
0.0546665
0.0535339
0.0531099
0.0541839
0.0517746
0.0534061
0.0478918
0.0588491
0.0400105
0.0417781
0.0384300
0.0402764
0.0518466
0.0433065
0.0418438
0.0436426
0.0437486
0.0802314
0.0365817
0.0617383
0.0620779
0.0359128
0.0382997
0.0434154
0.0424126
0.0433516
0.0435604
0.0430110
0.0609666
0.0606320
0.0362383
0.0423035
0.0486596
0.108166
0.0609579
0.0459621
0.0476660
0.0486097
0.0475587
0.0462116
0.125170
0.0456494
0.0442893
0.0482759
0.0461544
0.0509851
0.0481671
0.0494545
0.0519618
0.0457153
0.0476879
0.0473682
0.0378107
0.0377649
0.0477926
0.0437256
0.0454307
0.0446814
0.0439414
0.0392033
0.0483960
0.0480761
0.0454222
0.0452425
0.0461648
0.0419359
0.0647218
0.0498978
0.0493085
0.0510309
0.0471362
0.0434797
0.0482334
0.0478230
0.0470016
0.0471603
0.0447197
0.0383436
0.0392074
0.0394592
0.0480806
0.0485358
0.0473305
0.0458271
0.0481111
0.0480622
0.0460405
0.0463578
0.0374852
0.0367301
0.0373733
0.0437320
0.0436487
0.0466782
0.0413184
0.0616074
0.0476081
0.0477331
0.0465164
0.0441351
0.0809279
0.0588777
0.0436705
0.0442036
0.0430350
0.0434162
0.0443043
0.0448113
0.0664120
0.0451769
0.0427687
0.0375806
0.0592160
0.0422346
0.0427751
0.0427814
0.0361682
0.162032
0.0401155
0.124359
0.0392044
0.0411373
0.0421188
0.0381662
0.0370107
0.0398035
0.0360854
0.0456304
0.0458256
0.145822
0.0369270
0.0368083
0.0398630
0.0368954
0.0361857
0.0406585
0.0420001
0.0761701
0.0456313
0.0436600
0.0443370
0.0448993
0.0787617
0.0563502
0.0531617
0.0441758
0.0430509
0.0446544
0.0434577
0.0525817
0.0436392
0.0424839
0.0435588
0.0937729
0.0431939
0.0505629
0.0462382
0.0406995
0.0417996
0.0390068
0.0399814
0.0413129
0.0398999
0.0397575
0.0367903
0.0384293
0.0676729
0.0435206
0.0399265
0.0396951
0.0403160
0.0402988
0.0378926
0.0386951
0.0383043
0.0403912
0.0397246
0.0400216
0.0391716
0.0673062
0.0383132
0.0757129
0.0394100
0.0442959
0.0395775
0.0384881
0.0390155
0.0481958
0.0439509
0.0361096
0.0434779
0.0412277
0.0705986
0.0673434
0.0684406
0.0682676
0.0713675
0.0693998
0.0550207
0.328521
0.0486331
0.0485727
0.0479185
0.0590675
0.0622922
0.0560376
0.0561037
0.0555080
0.0464011
0.0455734
0.0363945
0.0768923
0.201363
0.0681460
0.0724499
0.0704515
0.0659361
0.0719003
0.0768878
0.0721073
0.0679206
0.0589114
0.0489656
0.0488828
0.0541676
0.0533681
0.0514746
0.0491096
0.0502248
0.0362977
0.0696599
0.0554496
0.0377251
0.0436031
0.0421777
0.0535090
0.0546328
0.0534906
0.0413192
0.0411235
0.0424919
0.275683
0.0485232
0.0363634
0.0372231
0.0380622
0.0362382
0.0368277
0.0541775
0.0411191
0.0376619
0.0359562
0.0363551
0.0714027
0.0610960
0.0361456
0.0644961
0.0530516
0.0389388
0.0527173
0.0502564
0.0483476
0.0490100
0.0499313
0.0475538
0.0615482
0.0474964
0.0390457
0.0385174
0.0502200
0.0749058
0.322318
0.0422791
0.0544033
0.0776580
0.0372104
0.0367456
0.0372561
0.0397326
0.0359725
0.0369001
0.0366420
0.0362668
0.0359486
0.0693145
0.0715069
0.0796311
0.0599952
0.0731865
0.0636139
0.0591521
0.0670803
0.0531322
0.0787270
0.0804776
0.0726142
0.0592701
0.0451300
0.0441028
0.0429155
0.0541348
0.0548394
0.0413390
0.0506441
0.0484303
0.0396557
0.0390085
0.239315
0.0402453
0.0794331
0.0760598
0.0540275
0.0448659
0.0442659
0.0437723
0.0452265
0.0359120
0.0370056
0.0646789
0.0495092
0.0709611
0.0414508
0.0414234
0.0423346
0.0596092
0.0408608
0.246830
0.0410245
0.0411486
0.232328
0.167917
0.0484331
0.0380866
0.0381752
0.0393338
0.0785963
0.0439528
0.0384342
0.0389123
0.0397122
0.0473327
0.0485158
0.0481250
0.0474044
0.0477405
0.0648865
0.0686044
0.0468317
0.0607618
0.0630525
0.0592747
0.0600003
0.0590621
0.0522982
0.0429961
0.0428313
0.0393825
0.0484430
0.0411384
0.0358855
0.0363045
0.0368760
0.0601099
0.0646703
0.0462853
0.0699637
0.0521434
0.147959
0.0739323
0.0649837
0.0364766
0.0482863
0.0420227
0.0853223
0.0806042
0.0477602
0.0492386
0.0508978
0.103969
0.0412943
0.0417952
0.0559498
0.0448264
0.0450077
0.0375887
0.0557051
0.0463697
0.0373153
0.0472741
0.0638611
0.0360147
0.0553578
0.0626767
0.0639815
0.0611042
0.0615527
0.0577394
0.0551851
0.0391587
0.0391096
0.0445333
0.0516373
0.0405177
0.0403367
0.0417235
0.0421668
0.0504144
0.0500677
0.0524430
0.0497766
0.0525481
0.0527731
0.0435099
0.0454161
0.0504704
0.0511661
0.0568019
0.0505293
0.0513002
0.0543550
0.0546108
0.0539120
0.0500896
0.0498302
0.0492343
0.0495401
0.0373701
0.0364988
0.0452020
0.0444655
0.0498794
0.0500092
0.0475130
0.0472654
0.0477768
0.0498753
0.0464037
0.0497315
0.0485634
0.0466694
0.0487942
0.0486396
0.0533315
0.0507740
0.0536132
0.0498183
0.0504968
0.0540761
0.0538442
0.0531425
0.0535675
0.0415726
0.0375990
0.0373787
0.0384981
0.0364537
0.0361261
0.0369286
0.0420628
0.0485069
0.0512808
0.0543384
0.0391912
0.0380693
0.0395496
0.0379603
0.0360878
0.0360294
0.0377946
0.0373126
0.0374937
0.0432651
0.0517694
0.0494165
0.0485562
0.0485428
0.0379473
0.0410054
0.0389661
0.0370840
0.0370073
0.0677474
0.0419064
0.0469268
0.0452782
0.0391089
0.0394222
0.0384886
0.0378963
0.0365652
0.0424652
0.0487642
0.0862064
0.0566442
0.0485705
0.0682338
0.0383484
0.110397
0.0395947
0.0394071
0.0457625
0.0398127
0.0393461
0.0384814
0.0484084
0.0486700
0.0392654
0.0413631
0.0371489
0.0427798
0.0445063
0.0402755
0.0408486
0.0458064
0.0392412
0.0655521
0.0688869
0.0642501
0.0598495
0.0581461
0.0437388
0.0363422
0.0364641
0.0367514
0.0763257
0.0373361
0.0386771
0.0425457
0.0414260
0.0366652
0.0403849
0.0426240
0.0413589
0.0425420
0.0437214
0.0467636
0.0364635
0.0432982
0.0463349
0.0419270
0.0443141
0.0444695
0.0731332
0.0408478
0.0735164
0.0442220
0.0392600
0.0418802
0.0416616
0.0424805
0.0427610
0.0406580
0.0495189
0.0475407
0.0377734
0.0378370
0.0454454
0.0712399
0.0729617
0.0714289
0.0611108
0.0909681
0.0409965
0.0439630
0.0460755
0.0431985
0.0442639
0.0428714
0.0470793
0.0440751
0.0770110
0.0431371
0.0381405
0.0474798
0.0377533
0.0379058
0.0393583
0.0739732
0.0738497
0.0737434
0.0394483
0.0367317
0.0361122
0.0596201
0.0644167
0.0677263
0.0373072
0.0375106
0.0768919
0.0380172
0.0392960
0.0440480
0.0440608
0.0457280
0.0436849
0.0445799
0.0460999
0.0458088
0.0440789
0.0447353
0.0724724
0.0402871
0.0397051
0.0406422
0.0371855
0.0369699
0.0672464
0.0672426
0.0664741
0.0737132
0.0796340
0.0765054
0.0406497
0.0409878
0.0571033
0.0438384
0.0468643
0.0463367
0.0461554
0.0365071
0.0364486
0.0491725
0.0665225
0.0391098
0.0476866
0.0477660
0.0458808
0.0378375
0.115938
0.0488515
0.0709038
0.0461366
0.0484358
0.0661931
0.0684213
0.0486279
0.0391415
0.0650611
0.0586025
0.0429396
0.0371227
0.0833401
0.0461412
0.0528975
0.0370685
0.0449482
0.0498748
0.0493810
0.0394193
0.0393832
0.0396379
0.0393909
0.0506310
0.0398960
0.0842791
0.0393844
0.0379174
0.0493718
0.0547753
0.0367189
0.0458686
0.0483255
0.0481152
0.0467493
0.0509857
0.0517182
0.0373265
0.0366574
0.0417451
0.0877687
0.0436671
0.0836715
0.0807961
0.0697624
0.0690248
0.0445511
0.0486614
0.0491376
0.0481176
0.0542679
0.0553738
0.0531763
0.0485498
0.0510253
0.0359102
0.0817219
0.0367012
0.0366456
0.0421889
0.0372343
0.0369540
0.0405021
0.0360789
0.0363859
0.0844691
0.0863904
0.0846613
0.0424779
0.0660640
0.0424611
0.0509231
0.0501013
0.0529071
0.0501953
0.0511109
0.0528382
0.0510031
0.0539741
0.0374064
0.0370455
0.0368243
0.0371177
0.0365634
0.100351
0.103651
0.398991
0.0446673
0.0790011
0.0830620
0.0582157
0.0639356
0.0591817
0.0694256
0.0641473
0.105540
0.0452326
0.0367812
0.0607274
0.0813200
0.110810
0.0578050
0.0686375
0.0762066
0.0582464
0.0367499
0.0860817
0.0362967
0.0670947
0.0526532
0.0507299
0.0359851
0.0392652
0.0399957
0.0809980
0.0381934
0.0522392
0.0359786
0.0803266
0.0809653
0.0796603
0.0827002
0.0734847
0.0412707
0.0400040
0.110129
0.0889024
0.0878717
0.0840023
0.0369541
0.0967185
0.0440091
0.0518871
0.0519999
0.0817834
0.0811299
0.0952156
0.0407095
0.0425673
0.0426635
0.0578710
0.200742
0.0395214
0.0396541
0.0391813
0.0795630
0.0379753
0.0471086
0.0485082
0.0488237
0.0481396
0.0535993
0.0534652
0.0462134
0.0423578
0.0540688
0.0396629
0.0559640
0.0358478
0.0429625
0.0439766
0.0853233
0.104041
0.0430699
0.0580209
0.0443738
0.0796355
0.105062
0.0434591
0.0452030
0.0452043
0.0443550
0.0425898
0.0436889
0.0438562
0.0474467
0.172128
0.0423628
0.0470206
0.0414744
0.0464567
0.0536688
0.0481980
0.114414
0.0447894
0.0387125
0.0393648
0.0366972
0.0367575
0.0370976
0.0368846
0.0723725
0.0367396
0.0759792
0.0550929
0.0642032
0.0565613
0.0579511
0.0578903
0.0565769
0.0683404
0.0425195
0.0625445
0.0624747
0.0441512
0.0365157
0.0473423
0.0364431
0.0367318
0.0375693
0.0368465
0.0364237
0.0369817
0.0366050
0.0366754
0.0362208
0.0558114
0.0394623
0.0486975
0.0371227
0.0727195
0.0387997
0.0591885
0.0359804
0.0425298
0.0455850
0.0468585
0.0466351
0.0470469
0.0472191
0.0464879
0.0391047
0.0624932
0.0692090
0.0393572
0.0369179
0.0573525
0.0498774
0.0532389
0.0534802
0.0377013
0.0460499
0.0787125
0.0461503
0.0471543
0.0359529
0.0534798
0.164155
0.0532366
0.0501973
0.0538903
0.0787565
0.0529518
0.0430115
0.0786563
0.0780314
0.0449873
0.0382911
0.0461360
0.0437657
0.0447249
0.0673258
0.0579014
0.0366500
0.0653415
0.0510831
0.0777895
0.0483785
0.0954202
0.0595865
0.0563988
0.0437788
0.0585311
0.0578296
0.0681962
0.0424200
0.0418975
0.0412938
0.0377391
0.0662214
0.148651
0.0614006
0.142092
0.139500
0.0426586
0.0407051
0.0413599
0.0410099
0.0393775
0.0440260
0.0414195
0.0404552
0.0651414
0.0375341
0.0359094
0.0622509
0.0600683
0.0374395
0.0586662
0.0393272
0.0381549
0.0506558
0.0597420
0.0406111
0.0476978
0.0440630
0.0482391
0.0542762
0.0537502
0.0492259
0.0482949
0.102032
0.102177
0.111957
0.0454388
0.0404961
0.0403001
0.0419498
0.0639192
0.0638608
0.0655347
0.0652669
0.0480098
0.0486344
0.0486660
0.0589854
0.0518421
0.0532256
0.0497776
0.104444
0.0585888
0.0457476
0.0407621
0.0479813
0.0415030
0.0419667
0.0551774
0.0609807
0.0460034
0.0463713
0.0710987
0.0438795
0.0453560
0.0466653
0.0394237
0.0512460
0.0781798
0.0979765
0.0445369
0.0435746
0.0614435
0.0522405
0.0410926
0.0584179
0.0587037
0.0395648
0.0385382
0.0404650
0.0672784
0.0484374
0.0478576
0.0497689
0.0396542
0.0388909
0.0462696
0.0479235
0.0503888
0.0398926
0.0399169
0.0463116
0.0499076
0.0488631
0.0534792
0.0363698
0.106985
0.0586790
0.0457150
0.0495386
0.0503079
0.0410262
0.0635887
0.0383719
0.0560624
0.0565436
0.0474505
0.0603374
0.0600189
0.0616293
0.0442028
0.0489645
0.0489150
0.0698339
0.108857
0.0491920
0.0388287
0.0361677
0.0364236
0.0481089
0.0490196
0.0614763
0.0366579
0.0474500
0.0512066
0.0587961
0.0613532
0.0484959
0.0452337
0.0417254
0.0412705
0.0417962
0.0613115
0.0491303
0.0480170
0.0464739
0.0460158
0.0542720
0.0407576
0.0404333
0.0535833
0.0407361
0.0555453
0.0516492
0.0521228
0.0613963
0.164385
0.196482
0.182591
0.0981537
0.0505041
0.0516893
0.0366072
0.0374181
0.0744067
0.0358886
0.152021
0.0459961
0.0473774
0.0482182
0.0448899
0.0682408
0.0363143
0.0482457
0.216804
0.0428724
0.0391976
0.0390951
0.0417543
0.0511971
0.0507650
0.0462233
0.0472922
0.0385974
0.0366268
0.0607983
0.0465763
0.0412078
0.0378122
0.0365817
0.0374936
0.0380626
0.0466237
0.0379615
0.0427503
0.0434639
0.0477910
0.0485712
0.0489427
0.0398572
0.0512168
0.0409932
0.0406811
0.0377253
0.0400898
0.0421813
0.0430105
0.0392558
0.0472045
0.0487113
0.0802199
0.0403138
0.0488652
0.0365722
0.0439706
0.0359559
0.0360660
0.0372982
0.0396346
0.0404420
0.0363032
0.0382928
0.0380110
0.0382750
0.0394044
0.0391090
0.0607285
0.0537048
0.0524673
0.0498631
0.0365052
0.0373343
0.0399495
0.0800578
0.0813149
0.0854655
0.0832171
0.0474807
0.0470774
0.0377601
0.0375731
0.0369027
0.0369874
0.0364312
0.0362714
0.0367658
0.0470800
0.0364518
0.0358659
0.0360334
0.0365394
0.0518493
0.0361532
0.0370111
0.0418238
0.0416835
0.0358627
0.0372613
0.114553
0.0392807
0.153362
0.0395214
0.0390196
0.0392112
0.0436447
0.241827
0.0438406
0.0391123
0.148792
0.0414445
0.241516
0.0601705
0.0677514
0.0429474
0.0586720
0.0520053
0.0439201
0.0506114
0.0536157
0.0505351
0.0471531
0.0493768
0.0533510
0.0552979
0.0524396
0.0503478
0.0488723
0.0496635
0.0480327
0.0508102
0.0510516
0.0639243
0.0393345
0.0624541
0.0577552
0.0383504
0.0428575
0.0482677
0.0454208
0.0415820
0.0572625
0.0413702
0.0462880
0.0493827
0.0497611
0.0478403
0.0520635
0.0568354
0.0504845
0.0495718
0.0550951
0.0540620
0.0490623
0.0532577
0.0497790
0.0507973
0.0493946
0.0545069
0.0507984
0.0517751
0.0508329
0.0607658
0.0521966
0.0517527
0.0528953
0.0544221
0.0498206
0.0496742
0.0515185
0.0508796
0.0481007
0.0502282
0.0508055
0.245950
0.0474943
0.0478047
0.0469969
0.0358345
0.0364858
0.0371346
0.0361816
0.0377795
0.0366396
0.0426833
0.0584240
0.0570388
0.0655272
0.0608945
0.0437516
0.0474035
0.0470771
0.0517609
0.0495911
0.0489952
0.0509248
0.0403627
0.0640292
0.0384195
0.0386667
0.0370246
0.0372284
0.0367167
0.0366773
0.0430653
0.0428999
0.0424229
0.0448092
0.0414066
0.0418919
0.0422033
0.0421260
0.338301
0.0603867
0.0610838
0.0599501
0.0609592
0.0564045
0.0520878
0.0549086
0.0526058
0.0482045
0.0396204
0.0406586
0.0381062
0.0372674
0.0423055
0.0380385
0.269649
0.0487519
0.0395569
0.0392186
0.0380278
0.169512
0.0361832
0.0405432
0.0405312
0.0617567
0.0469798
0.0404631
0.0402450
0.0402682
0.0450653
0.0402828
0.0440112
0.0414028
0.0417780
0.0426475
0.0445109
0.0424186
0.0433642
0.0449074
0.0411897
0.0419000
0.0414725
0.0408597
0.0414512
0.0413397
0.0426512
0.0432850
0.0433363
0.0413515
0.0412688
0.0430020
0.0418075
0.0418275
0.0466631
0.0466321
0.0395165
0.0392857
0.0392068
0.0407156
0.0408698
0.0465982
0.0442043
0.0467309
0.0401748
0.0386641
0.0397698
0.0389995
0.0384338
0.0663657
0.0383468
0.0438473
0.0763363
0.0383039
0.0383015
0.0380424
0.0382315
0.0486935
0.0429629
0.0390388
0.0466311
0.0464420
0.0532186
0.0538554
0.0397224
0.259182
0.0483658
0.0384064
0.129488
0.0430090
0.0469007
0.0399879
0.0426357
0.127780
0.0361812
0.0899235
0.0366050
0.0396805
0.0507095
0.0546740
0.0496063
0.0439697
0.0366953
0.0364733
0.0363372
0.0469544
0.0500190
0.0392156
0.0578397
0.0783166
0.0472774
0.0545566
0.0544517
0.0547246
0.0428484
0.0521434
0.0526137
0.0538591
0.0519712
0.0556012
0.0428394
0.0411254
0.0417666
0.0421401
0.0825433
0.0477547
0.0437727
0.0375126
0.0519625
0.0434729
0.0434082
0.0418459
0.0377594
0.0628324
0.0475573
0.0472765
0.160050
0.0401503
0.0531676
0.0629072
0.0544655
0.0696359
0.0519556
0.0399519
0.0402289
0.0404707
0.0595930
0.0599396
0.0365303
0.0480302
0.0360986
0.0366054
0.0368105
0.0675159
0.0375111
0.0528795
0.0627685
0.0615966
0.0605469
0.0606071
0.0574106
0.0486162
0.0427196
0.0668421
0.0660434
0.0363830
0.0653435
0.0671102
0.0407761
0.0596729
0.0515152
0.0443676
0.0361586
0.0661898
0.0457301
0.0583207
0.0359683
0.0361904
0.0372464
0.0582779
0.0613667
0.0638735
0.0608358
0.0411677
0.0410939
0.0488791
0.0485920
0.0656796
0.156818
0.0616574
0.0600918
0.0371671
0.0400277
0.0443855
0.0360497
0.162431
0.178673
0.0544861
0.0580337
0.0903362
0.0389024
0.0428125
0.0390389
0.0400123
0.0430405
0.113971
0.0435659
0.0428233
0.0420155
0.0432441
0.0427902
0.0474871
0.0473073
0.0474485
0.0484745
0.0458494
0.0421078
0.0429786
0.0437033
0.0431438
0.0400869
0.0373909
0.0374835
0.0398162
0.0393410
0.0406644
0.0459883
0.0414465
0.0470794
0.0359104
0.0697751
0.0427331
0.0513206
0.0680650
0.0685015
0.0682099
0.0424903
0.0462672
0.0455797
0.0664599
0.0486424
0.0452076
0.0376376
0.107974
0.0402180
0.0497843
0.197611
0.0361478
0.0432930
0.0363019
0.0389687
0.0384140
0.0413345
0.0409909
0.0404821
0.0359194
0.0360650
0.0395431
0.0358681
0.0493045
0.0485548
0.0493323
0.0370533
0.0440968
0.0379230
0.0379053
0.0377244
0.136232
0.0373069
0.0389336
0.0439353
0.0460094
0.0360395
0.0371066
0.0378658
0.0386328
0.0363652
0.0363275
0.0442274
0.0368078
0.0373983
0.0372876
0.0361654
0.0487598
0.0440319
0.0458525
0.0444103
0.0416810
0.0411771
0.0402540
0.0468867
0.0465423
0.0444847
0.0477681
0.0429988
0.0431609
0.0454867
0.0443654
0.0468241
0.0437775
0.0464367
0.0467024
0.0476691
0.0465684
0.0430659
0.0456368
0.0444939
0.0365142
0.0375121
0.0435438
0.0421157
0.0446737
0.0426497
0.0419812
0.0407579
0.0394810
0.0392425
0.0492231
0.0412955
0.0478943
0.0482227
0.0460803
0.0514454
0.0460470
0.0479936
0.0482015
0.0462155
0.0466811
0.0456903
0.0459322
0.0449104
0.0482418
0.0450532
0.0463233
0.0462859
0.0395145
0.0444207
0.0417757
0.0402528
0.0445102
0.0451345
0.0447737
0.0464944
0.0365384
0.0416786
0.0431466
0.0450590
0.0444560
0.0431233
0.0435913
0.0413066
0.0429384
0.0446144
0.0450380
0.0368233
0.0370471
0.0446033
0.0460535
0.0450120
0.0439736
0.0363231
0.0377844
0.0511838
0.0442168
0.0411774
0.0420846
0.0424312
0.0456836
0.0442430
0.0444855
0.0423246
0.0417219
0.0422395
0.0371485
0.0373473
0.0361179
0.0599035
0.0404221
0.178919
0.0366805
0.0377829
0.0375706
0.0362451
0.0464772
0.0435846
0.191969
0.0362511
0.0559316
0.0360792
0.129506
0.0685496
0.0661116
0.0731464
0.0671870
0.0767881
0.0738992
0.0475528
0.0361074
0.0366971
0.0403394
0.0405112
0.0364636
0.0463150
0.0656041
0.0375317
0.0528882
0.0434103
0.0435751
0.0441042
0.0377426
0.0378171
0.0371088
0.0373843
0.0381778
0.0368023
0.0367261
0.0416167
0.0671204
0.0668537
0.0360883
0.0394479
0.0439905
0.0432236
0.0411797
0.0462513
0.0482987
0.0398632
0.0431234
0.0418713
0.0444960
0.0435746
0.0446870
0.0437155
0.0449622
0.0572197
0.0418800
0.0447972
0.0436792
0.0456674
0.0370557
0.0365685
0.0429780
0.0457404
0.0408182
0.0487838
0.0424351
0.0424585
0.0435429
0.0449293
0.0450868
0.0412487
0.0494761
0.0483916
0.0366705
0.0464221
0.0438408
0.0416555
0.0431950
0.0445810
0.0439830
0.0379145
0.0414639
0.0422935
0.0430168
0.0430531
0.0395241
0.0385221
0.0364532
0.0422844
0.0361267
0.0393519
0.0440631
0.0431876
0.0441738
0.0434901
0.0416599
0.0438388
0.0426577
0.0425966
0.0444757
0.0433195
0.0372324
0.0404831
0.0417800
0.0444117
0.0451875
0.0457537
0.0362834
0.0427106
0.0433071
0.0421679
0.0426220
0.0418724
0.0427724
0.0402782
0.0396725
0.0448255
0.0432054
0.0473331
0.0686262
0.0692610
0.0588027
0.0386403
0.0531106
0.0583813
0.0591557
0.0555046
0.0669484
0.0688857
0.0388232
0.0555115
0.0648197
0.0895422
0.0572156
0.0477761
0.0545378
0.0551868
0.0561425
0.0690673
0.0632474
0.0568399
0.0564940
0.222125
0.0569081
0.0535288
0.0565375
0.0596124
0.0587351
0.0371313
0.0491812
0.0576075
0.0460160
0.0403464
0.0603873
0.0413721
0.0403100
0.0501314
0.0366065
0.0491665
0.134004
0.0419721
0.0396537
0.0473565
0.0472422
0.0376433
0.0373323
0.0505145
0.0478522
0.0505593
0.0494109
0.0424008
0.0413237
0.0638401
0.0650564
0.0513590
0.0473011
0.0371294
0.0461486
0.0367235
0.0393842
0.0459173
0.0365333
0.0379348
0.0458413
0.0457776
0.0448016
0.0437982
0.0447292
0.0577582
0.0408801
0.203841
0.0360985
0.0400473
0.0652609
0.0379179
0.0366086
0.0373332
0.0375903
0.0378806
0.0427631
0.0379680
0.0366038
0.0375814
0.0376910
0.0366334
0.0369681
0.0411940
0.0366586
0.0500479
0.0489366
0.0382756
0.0385404
0.0375925
0.0368406
0.0362883
0.0367818
0.0490002
0.0507913
0.0503512
0.0488570
0.0500883
0.0378438
0.0380503
0.0363923
0.0371942
0.0382635
0.0383555
0.0385283
0.0375597
0.0362388
0.0368772
0.0368134
0.0364889
0.0421813
0.0370571
0.0483773
0.0381319
0.0365796
0.0397292
0.0386058
0.0455621
0.0457273
0.0448402
0.0358310
0.0552347
0.0519452
0.0502130
0.0969175
0.0931396
0.0991041
0.0373441
0.0412600
0.0408798
0.0398724
0.0395233
0.0583508
0.0409083
0.0372181
0.0801890
0.0757302
0.0460201
0.0366387
0.0361091
0.0408616
0.0522186
0.0520219
0.0577036
0.0494258
0.0504544
0.0362676
0.0434305
0.0377963
0.0360423
0.0512286
0.0522553
0.0506900
0.0489718
0.0518496
0.0374096
0.0498050
0.0365022
0.0365215
0.0376647
0.0362610
0.0464526
0.0597480
0.0611829
0.0460308
0.0476821
0.0390364
0.0488341
0.0476129
0.0524668
0.0521161
0.0509693
0.0377214
0.0976885
0.0521021
0.0364353
0.0411820
0.0372838
0.0528946
0.0547109
0.0509575
0.0558186
0.0549651
0.0507007
0.0484095
0.0491057
0.0550003
0.0599894
0.0541354
0.0505316
0.0521592
0.0359954
0.0764897
0.0421327
0.0429851
0.0392172
0.0380430
0.0361483
0.0362319
0.0364208
0.0421952
0.0947754
0.0552041
0.0489913
0.0502875
0.0363979
0.0365918
0.0362622
0.0419172
0.0416955
0.0556361
0.118821
0.0443370
0.0455043
0.0402165
0.0716754
0.0447204
0.118968
0.0455394
0.0421730
0.0442326
0.0445404
0.0502997
0.0500370
0.105714
0.0545580
0.0430549
0.122145
0.104752
0.0555874
0.0386719
0.0429866
0.0435271
0.0500684
0.0566588
0.120548
0.100904
0.117430
0.0546596
0.0503993
0.116864
0.0425972
0.0389937
0.0394679
0.0393453
0.0375565
0.0505526
0.0431462
0.0434915
0.0437150
0.0429690
0.0404975
0.0384243
0.0576498
0.0365503
0.0411758
0.0404249
0.0399308
0.0446921
0.0449225
0.0449985
0.0447061
0.0514666
0.0395330
0.0499551
0.0383340
0.0377544
0.0362037
0.0429152
0.0448554
0.0503415
0.0898106
0.0488894
0.0476282
0.0483789
0.0382936
0.0575222
0.0367766
0.0365671
0.0594900
0.0564221
0.0441044
0.0374557
0.0514615
0.0435363
0.0441181
0.0604688
0.0606516
0.0504683
0.0513811
0.0495911
0.0519786
0.0457092
0.0416157
0.0453989
0.0576373
0.0788281
0.0853401
0.0767728
0.0487625
0.0411426
0.0396030
0.0422012
0.0429580
0.0396572
0.0414918
0.0541738
0.184637
0.0723113
0.0745560
0.0748671
0.0461215
0.0765952
0.0871185
0.0676134
0.0367935
0.0363151
0.0578182
0.0585587
0.0603504
0.0603523
0.0484515
0.0359436
0.0362483
0.0364883
0.0364490
0.0364940
0.0636288
0.0637107
0.0661446
0.0372925
0.0436297
0.0788618
0.0794556
0.0527034
0.0490837
0.0757627
0.0746731
0.0603655
0.0604673
0.0367329
0.0469668
0.0551125
0.0473990
0.0549050
0.0537180
0.0547023
0.0362648
0.0645472
0.0372969
0.0379170
0.0370777
0.0364224
0.0362192
0.0365963
0.0365693
0.0369306
0.0370380
0.0360781
0.0372631
0.0626398
0.0419237
0.0582010
0.0446093
0.0373729
0.0381582
0.0808782
0.0770996
0.0798143
0.0487409
0.0722223
0.0738932
0.0697026
0.0588960
0.0432011
0.0363549
0.0363980
0.0360130
0.0363008
0.0358886
0.0362935
0.0594288
0.0369739
0.0539271
0.0625270
0.0380917
0.0373510
0.0374836
0.0379128
0.0446004
0.0657376
0.0508647
0.0469818
0.0598709
0.0372599
0.0577417
0.0448373
0.0634587
0.0456110
0.0379405
0.0569415
0.0541675
0.0590859
0.100728
0.0404814
0.0447499
0.0375047
0.0538529
0.0549524
0.0364217
0.0360447
0.0362605
0.0369178
0.0362187
0.0366549
0.0479610
0.0468511
0.0478974
0.0503275
0.0514942
0.0423735
0.0510266
0.0554259
0.0478129
0.0472480
0.0426161
0.0427582
0.0496226
0.0435057
0.0501176
0.0569417
0.0554441
0.0433634
0.0636252
0.0449300
0.0399993
0.0453344
0.0579297
0.0570053
0.0464691
0.0415363
0.0511958
0.0526497
0.0378213
0.0475100
0.0479959
0.0526782
0.0906882
0.0510647
0.0446984
0.0451970
0.0462807
0.0471238
0.0470963
0.0481400
0.0481803
0.0395149
0.0452537
0.0523505
0.0554372
0.0423440
0.0427273
0.0429033
0.0561711
0.0569310
0.0566155
0.0548760
0.0502462
0.0498841
0.0512358
0.0425360
0.0507839
0.0551307
0.0545338
0.0430034
0.0644961
0.0409190
0.0375024
0.0393465
0.0359012
0.0623305
0.0676965
0.0673470
0.0724929
0.0682390
0.0400570
0.0577590
0.0704015
0.0513514
0.0398730
0.0397183
0.0398985
0.0392466
0.0371882
0.0438153
0.0404911
0.0564800
0.0437554
0.0438509
0.0401480
0.0406344
0.0382932
0.0560975
0.0498241
0.0516619
0.0531701
0.0485665
0.0359831
0.0460955
0.0466558
0.0575411
0.0857559
0.0456720
0.0446150
0.0446691
0.0637512
0.0456776
0.0460224
0.0467235
0.0478954
0.0560413
0.0415289
0.0450597
0.0765309
0.0578718
0.0553669
0.0524007
0.0444844
0.0456400
0.0458453
0.0471510
0.0452443
0.0451146
0.0509838
0.0740791
0.0758857
0.0629998
0.0643771
0.0496944
0.0518993
0.0749564
0.0783647
0.0766009
0.0456287
0.0471396
0.0457342
0.0444538
0.0382712
0.0510086
0.0768790
0.0751688
0.0448034
0.0459243
0.0582483
0.0491440
0.0406364
0.0407390
0.0408777
0.0507261
0.0556384
0.0553883
0.0392316
0.0491186
0.0645579
0.0491521
0.0495869
0.0545633
0.0489561
0.0366477
0.0417917
0.0625268
0.0398927
0.0402684
0.0385022
0.0396933
0.0829370
0.0360557
0.0374474
0.0392173
0.0404998
0.0476581
0.0396603
0.128227
0.0422064
0.0587489
0.0522309
0.106527
0.0477865
0.0423042
0.0540108
0.0553920
0.0602651
0.0585127
0.0530617
0.0578652
0.0557136
0.0493648
0.0402283
0.0418271
0.0522511
0.0505369
0.0514103
0.0552341
0.0438566
0.0434576
0.0445985
0.0424559
0.0387337
0.0563131
0.0755538
0.0487130
0.0507886
0.0430497
0.0662041
0.0522926
0.0481488
0.0476645
0.0453856
0.0513887
0.0635232
0.0378285
0.0985743
0.0479915
0.0520889
0.0520066
0.0911213
0.0540465
0.0829725
0.0547119
0.0360048
0.0363665
0.0392783
0.0829892
0.0829352
0.0527094
0.0501261
0.0547092
0.0431962
0.0561082
0.0569147
0.0545325
0.0523465
0.0519192
0.0503039
0.0495470
0.0404501
0.0411530
0.0438500
0.0442607
0.0450821
0.0623509
0.0412470
0.0416679
0.0405351
0.0407226
0.0511296
0.0454676
0.0545027
0.0403424
0.0495928
0.0372822
0.0410701
0.0403398
0.0453084
0.0496551
0.0526208
0.142948
0.0498334
0.0506747
0.0470929
0.0474288
0.0567009
0.0570171
0.0423568
0.0523720
0.0437035
0.0369490
0.0500955
0.0562041
0.0563575
0.0543852
0.0538380
0.0536847
0.0560933
0.0525137
0.0503858
0.0510653
0.0513573
0.0386925
0.0386419
0.0391307
0.0401880
0.0403469
0.0513106
0.0526199
0.0440781
0.0564665
0.0644961
0.0517894
0.0551516
0.0496436
0.0359770
0.0577151
0.0481280
0.0570920
0.0490886
0.0568052
0.0555139
0.0585880
0.0522376
0.0513806
0.0500606
0.0505825
0.0559635
0.0534449
0.0393183
0.0471671
0.0502594
0.0455900
0.0476864
0.0440430
0.0489253
0.0552009
0.0577427
0.0528641
0.0429433
0.0501216
0.0381083
0.0389975
0.0811853
0.0552658
0.0565233
0.0576808
0.0591536
0.0579864
0.0537235
0.0418277
0.0420501
0.0451561
0.0458688
0.0389973
0.0550825
0.0603530
0.0605303
0.0600916
0.0519006
0.0400445
0.0548868
0.0559432
0.0407815
0.0403348
0.0424638
0.0526767
0.0500203
0.0505137
0.0712613
0.0445986
0.0600989
0.0414263
0.0419716
0.0367482
0.0368663
0.0414059
0.0485163
0.0491969
0.0504274
0.0494682
0.0495504
0.0496002
0.0422369
0.0421681
0.0894551
0.0492330
0.0751102
0.0787149
0.0797626
0.0484074
0.0483178
0.0493087
0.0546199
0.107865
0.0358659
0.0796785
0.0526337
0.0538673
0.0381609
0.0570374
0.0492025
0.0495647
0.0621716
0.0607105
0.0687329
0.174304
0.0503945
0.0613222
0.0824703
0.0367788
0.0726083
0.0502574
0.0368435
0.0517489
0.0676613
0.0526356
0.0438993
0.0602091
0.0554808
0.0593035
0.0599345
0.0505123
0.0782933
0.0507972
0.0742991
0.0714418
0.0479207
0.0361613
0.0366867
0.0444424
0.0496552
0.0429198
0.0500876
0.0818664
0.0442913
0.0583091
0.0586949
0.0497857
0.0768667
0.0617604
0.0628612
0.0605748
0.0742457
0.175466
0.0419782
0.0380824
0.0404201
0.0432546
0.0388129
0.0402529
0.0432918
0.0385762
0.0371739
0.0394180
0.0449282
0.0461436
0.0423059
0.0396573
0.0411138
0.0409623
0.0409057
0.0450727
0.0372191
0.0399231
0.0471980
0.0488639
0.0495556
0.0491540
0.167082
0.0719416
0.0450489
0.0424199
0.0497451
0.0719181
0.0489907
0.0589464
0.0582768
0.0408194
0.0416569
0.0423802
0.0423690
0.0415323
0.0438961
0.0416433
0.0451080
0.100255
0.0410114
0.0399330
0.0398566
0.0411488
0.0484981
0.0509645
0.0383621
0.0503847
0.0440293
0.0414286
0.0366600
0.0489423
0.0495878
0.0901155
0.0500397
0.0423834
0.0411995
0.0425938
0.0406310
0.0414422
0.0464891
0.0459355
0.0417958
0.0378833
0.0389811
0.132289
0.0468277
0.0370037
0.0421377
0.0787836
0.0831127
0.0860810
0.0450434
0.0520529
0.137856
0.0569463
0.0408860
0.0409717
0.0443606
0.0445585
0.0459261
0.0439707
0.0445002
0.0446490
0.0448761
0.0460501
0.0438796
0.0381020
0.0484463
0.0403650
0.0388006
0.0387937
0.0376554
0.0444531
0.0435016
0.0442743
0.0482197
0.0409280
0.0484541
0.0465603
0.0877969
0.0534413
0.0609677
0.0504751
0.0460025
0.0439623
0.0445182
0.0447153
0.0449323
0.0845084
0.0424010
0.0403176
0.103866
0.0741083
0.0462930
0.0983996
0.0451068
0.0491834
0.0490938
0.0495515
0.0505598
0.333285
0.0614538
0.0437424
0.0421127
0.0408370
0.0424046
0.0405557
0.0487744
0.0481077
0.0393655
0.0411219
0.0477116
0.0423536
0.0504602
0.0397901
0.0391496
0.0387662
0.0481771
0.0486115
0.0465097
0.0971646
0.0378227
0.0498284
0.0426664
0.0443667
0.0464976
0.0461581
0.0459884
0.0662956
0.0485105
0.0490566
0.0453831
0.0448999
0.0457126
0.0508710
0.0435898
0.0452794
0.0451477
0.0962339
0.0492632
0.0378574
0.0392345
0.0398822
0.0375953
0.0669295
0.0480936
0.0425342
0.0427253
0.0608905
0.0430942
0.0420776
0.0493496
0.0493453
0.0505756
0.0614530
0.0416660
0.0529745
0.0515984
0.0531295
0.0483649
0.0535839
0.0485590
0.0375331
0.0537044
0.0498709
0.0378160
0.0389024
0.0424555
0.0425454
0.0392731
0.0408416
0.0419730
0.0359080
0.0490292
0.0361856
0.0422158
0.121602
0.0474477
0.0417328
0.0495193
0.0488129
0.0466913
0.0393306
0.0430227
0.0464019
0.0538577
0.0418369
0.0709023
0.0487077
0.0399003
0.0378619
0.0373743
0.0692715
0.0431410
0.0441885
0.0712658
0.0414605
0.0417093
0.0471211
0.0748359
0.0385458
0.0447118
0.0447593
0.0493885
0.0510082
0.0430139
0.0376551
0.0691641
0.0377838
0.0450676
0.0495593
0.0480155
0.0494137
0.0991343
0.0496747
0.0369778
0.0404616
0.0439788
0.0440070
0.0447168
0.0494586
0.0370566
0.0670489
0.0680634
0.0635889
0.0554724
0.0516969
0.0422368
0.0397968
0.0388233
0.0386206
0.0381033
0.0450339
0.0368596
0.0422762
0.0399359
0.0400196
0.0398256
0.0647804
0.0396092
0.0388505
0.0407725
0.0361728
0.0435574
0.0400515
0.0451277
0.0671168
0.0675748
0.0666947
0.0665323
0.0401063
0.0399611
0.0519295
0.0598119
0.0549494
0.0621513
0.0626503
0.0424212
0.0419772
0.0461504
0.0457927
0.0438738
0.154955
0.0394466
0.0394886
0.0687443
0.0385818
0.0398461
0.0571383
0.0495480
0.0644961
0.0381913
0.0417042
0.0705752
0.0396081
0.0656995
0.0431316
0.352793
0.183536
0.0436033
0.0447263
0.0684898
0.0671582
0.0416818
0.0398932
0.0528275
0.0540274
0.0535604
0.0549141
0.0562438
0.0568670
0.0564469
0.0576480
0.0497699
0.0436821
0.0384554
0.0423453
0.0386072
0.0379321
0.0382622
0.0414406
0.0392214
0.0378032
0.0682037
0.136759
0.0644961
0.0422544
0.0591739
0.0541948
0.0478225
0.0479719
0.0382505
0.0926598
0.0515571
0.0601063
0.0379703
0.0569225
0.0540840
0.0416573
0.0407670
0.0428527
0.0422548
0.0401783
0.0415928
0.0373530
0.0422456
0.0435966
0.0431948
0.0395552
0.0431288
0.0422838
0.0444729
0.0405706
0.0381755
0.0408933
0.0376041
0.0422595
0.0410030
0.0433645
0.0417504
0.0432391
0.0425990
0.0431971
0.0397378
0.0460865
0.0393588
0.0359878
0.0407811
0.0387291
0.0419584
0.0409629
0.0361487
0.0368644
0.0360387
0.286070
0.0396168
0.0487090
0.0487569
0.0489676
0.0423797
0.0410121
0.0404384
0.0451504
0.0460516
0.0605671
0.0628531
0.0524735
0.0525936
0.0443003
0.0428315
0.0407066
0.0380648
0.0380453
0.0491650
0.0573628
0.0407081
0.0551549
0.0458841
0.0391945
0.0460638
0.0455154
0.0492333
0.0455164
0.0458017
0.0461557
0.0466305
0.0468821
0.0453127
0.0465557
0.0456401
0.0467340
0.0636877
0.0508508
0.253024
0.0745681
0.0366547
0.0410966
0.0458512
0.0839872
0.0546255
0.0539122
0.0369724
0.0399856
0.0655554
0.0365949
0.0788893
0.0427811
0.0479422
0.0415097
0.0657814
0.0694877
0.0699716
0.0696580
0.0476769
0.0362648
0.0428950
0.0433651
0.0432832
0.0424138
0.0421062
0.0425960
0.0473144
0.0420137
0.0361859
0.0497786
0.0472927
0.0360617
0.0438191
0.0438567
0.0373695
0.0373714
0.0402927
0.0468143
0.0411951
0.0453464
0.0810761
0.0457309
0.0416379
0.0459681
0.0447294
0.0451492
0.0443984
0.0463884
0.0454448
0.0453737
0.0566426
0.0419958
0.0410600
0.0412475
0.0416895
0.0417727
0.0433642
0.0458312
0.0486208
0.0489722
0.0470042
0.0358572
0.0359446
0.0360342
0.0367576
0.0361923
0.0699305
0.0370716
0.0387225
0.0420718
0.0412049
0.0404921
0.0419778
0.0414887
0.0467648
0.0504364
0.0456863
0.0434695
0.0479056
0.0421345
0.0409846
0.0408986
0.0365323
0.0361636
0.0385482
0.0418995
0.0461385
0.0448145
0.0405614
0.0379647
0.0360341
0.0468862
0.0406878
0.0613256
0.0413021
0.0377333
0.0377082
0.0672098
0.0363479
0.0452354
0.0452511
0.0455826
0.0450157
0.0463895
0.0502967
0.0370256
0.0437217
0.0474308
0.0391083
0.0412687
0.0440128
0.0403478
0.0465959
0.183386
0.0531972
0.0367699
0.0368118
0.0374166
0.0454096
0.0434479
0.0460356
0.0462019
0.0452690
0.0415372
0.0456254
0.0375677
0.0360201
0.0367492
0.0725985
0.0731781
0.0410551
0.0435677
0.0373521
0.0435443
0.0369453
0.0718673
0.0407660
0.0443088
0.0373833
0.0361081
0.0384497
0.0361926
0.0433395
0.0447281
0.0367153
0.0366829
0.0358588
0.0362490
0.0378176
0.0410278
0.0385950
0.0371779
0.0400895
0.0393093
0.0396335
0.0381176
0.0373728
0.0517939
0.0458755
0.0376422
0.0473415
0.0459343
0.0363382
0.0361741
0.0363067
0.0402753
0.0364950
0.0368657
0.0367295
0.0430905
0.0374310
0.0521444
0.0519955
0.0533414
0.0364654
0.0711087
0.0684668
0.0385502
0.0401138
0.0410418
0.0398181
0.0416855
0.0374023
0.0361489
0.0364257
0.0371811
0.0427435
0.0425964
0.0426979
0.0402803
0.0429910
0.0460258
0.0367670
0.0372931
0.0371350
0.0393119
0.0381796
0.0376592
0.0358734
0.0404327
0.0381892
0.0366727
0.0437324
0.0707141
0.0461680
0.0368494
0.0394630
0.0381540
0.0405622
0.0412397
0.0420635
0.0397896
0.0402968
0.0388839
0.0366653
0.0455707
0.0461855
0.0380652
0.0373715
0.0359769
0.0435803
0.0400673
0.0410756
0.0469452
0.0435486
0.0421696
0.0435214
0.0465102
0.0439924
0.0368424
0.0435564
0.0360032
0.0360130
0.0362579
0.0372197
0.0370326
0.0396243
0.0439157
0.0450489
0.0405854
0.0426507
0.0432194
0.0422931
0.0360692
0.0381350
0.0359074
0.0365303
0.0371084
0.0369267
0.0376016
0.0364404
0.0367472
0.0390509
0.0368302
0.0359489
0.0366887
0.0458164
0.0476968
0.0527305
0.0432495
0.0447230
0.0360304
0.0364634
0.0361777
0.0418124
0.0426512
0.0451503
0.0460400
0.0434142
0.0423243
0.0500871
0.0391805
0.0393278
0.0369985
0.0361098
0.0361630
0.0360248
0.0407480
0.0409042
0.0363815
0.0419903
0.0453366
0.0448587
0.0437211
0.0422476
0.0431998
0.0468619
0.0455948
0.0449954
0.0384762
0.0438945
0.0468895
0.0485702
0.0469059
0.0402468
0.0445171
0.0421282
0.0431831
0.0697218
0.120027
0.0358359
0.0393303
0.0392707
0.0452055
0.0445433
0.0416733
0.0412893
0.0432312
0.0421860
0.0467042
0.0417721
0.0516928
0.0434568
0.0464435
0.0444341
0.0380946
0.0519641
0.0477178
0.0506065
0.0419408
0.0536566
0.0494516
0.0519296
0.0402645
0.0438654
0.0385608
0.0439503
0.0415819
0.0452940
0.0468486
0.0487589
0.0481459
0.0427496
0.0409904
0.0450888
0.0400245
0.0385505
0.0447160
0.0436738
0.0359203
0.0370471
0.0514286
0.0436867
0.0479023
0.0402383
0.0389814
0.0389170
0.0416362
0.0411375
0.0410379
0.0446053
0.0470368
0.0464383
0.0365901
0.0418555
0.0489403
0.0530582
0.0517609
0.0444921
0.0456398
0.0460892
0.0475119
0.0469191
0.0400968
0.0446029
0.0430156
0.0421346
0.0444700
0.0383748
0.0399931
0.0406248
0.0423443
0.0539010
0.0473843
0.0406871
0.0411711
0.0432727
0.0426800
0.0438500
0.0440073
0.0428192
0.0412864
0.0407484
0.0464813
0.0376411
0.0407208
0.0446401
0.0454287
0.0451442
0.0418708
0.0476373
0.0451771
0.0413510
0.0443749
0.0485459
0.0429120
0.0422231
0.0443053
0.0429784
0.0428183
0.0424201
0.0475024
0.0479047
0.0460389
0.0443551
0.0451702
0.0451553
0.0440437
0.0421023
0.0369648
0.0379578
0.0383089
0.0403031
0.0411570
0.0426855
0.0422439
0.0380726
0.0419922
0.0427259
0.0453702
0.0380173
0.0393803
0.0493665
0.0358643
0.0371623
0.0370723
0.0368813
0.0358389
0.0514899
0.0401139
0.0422820
0.0462476
0.0412917
0.0397593
0.0488960
0.0424610
0.0436501
0.0432234
0.0423776
0.0363532
0.0430793
0.0412553
0.0501567
0.0361163
0.0364946
0.0360533
0.0434633
0.0437515
0.0417501
0.0466149
0.0467520
0.0420995
0.0430771
0.0401997
0.0474478
0.0464887
0.0521656
0.0480396
0.0430331
0.0452603
0.0424635
0.0466803
0.0439831
0.0379359
0.0511508
0.0454294
0.0501247
0.0445692
0.0384411
0.0391777
0.0361483
0.0358694
0.0414177
0.0463655
0.0426696
0.0413169
0.0438596
0.0420381
0.0434091
0.0434643
0.0485058
0.0444563
0.0446260
0.0477569
0.0471585
0.0495788
0.0406112
0.0468366
0.0411434
0.0481288
0.0459273
0.0445870
0.0458214
0.0447040
0.0380354
0.0425154
0.0754968
0.0372440
0.0421791
0.0368840
0.0359956
0.0370702
0.0505220
0.0501400
0.0489204
0.0509888
0.0481765
0.0475641
0.0366308
0.0677814
0.0585631
0.0558135
0.0371409
0.0801109
0.0427160
0.0584666
0.168487
0.0683158
0.0514355
0.0494842
0.0507898
0.0590343
0.0500160
0.0483448
0.0567029
0.0472859
0.0581745
0.0763843
0.0476718
0.0484986
0.0457631
0.0492803
0.0468266
0.0415812
0.0504985
0.122742
0.0542424
0.0737140
0.0431688
0.0393558
0.210942
0.0660047
0.0694214
0.0397886
0.0644961
0.0403477
0.0402753
0.0401927
0.0405187
0.0861492
0.0575534
0.0580847
0.0562605
0.0572761
0.377079
0.0504200
0.0380496
0.0440449
0.0390615
0.0396205
0.0394654
0.0602118
0.0549426
0.0608209
0.0616112
0.0556254
0.0422966
0.0436778
0.0405384
0.0405563
0.0405809
0.0403050
0.0391938
0.0384444
0.0393866
0.0385331
0.0380680
0.0469847
0.0481355
0.0477597
0.0654764
0.0396150
0.0701003
0.0429907
0.0391752
0.0385052
0.0452085
0.0515342
0.0647756
0.0584390
0.0389404
0.0415841
0.0378983
0.0394298
0.0390145
0.0667704
0.0601137
0.0416828
0.0393393
0.0405468
0.0664433
0.0532365
0.0415324
0.0373709
0.0423972
0.0360866
0.0539570
0.0359584
0.0430228
0.188836
0.0534894
0.0556508
0.0555041
0.0540819
0.0547280
0.0548316
0.0531739
0.0550038
0.0586405
0.0420781
0.0586971
0.0588498
0.0535324
0.0549701
0.0404716
0.0505374
0.0471183
0.0489019
0.0549698
0.0543147
0.0554216
0.0424503
0.0429224
0.0411779
0.0412385
0.0423729
0.0390099
0.0395739
0.0426534
0.0497333
0.0564443
0.0544135
0.0577153
0.0472426
0.0556113
0.0374807
0.0380233
0.0551467
0.0536563
0.0413132
0.0409210
0.0396046
0.0545592
0.0366880
0.0564194
0.0575931
0.0546401
0.0546835
0.0543198
0.0544331
0.0541505
0.0397800
0.0404200
0.0399012
0.0563818
0.0568233
0.0623460
0.0406238
0.0416279
0.0403655
0.0617540
0.0432366
0.0431818
0.0387340
0.0649848
0.0473771
0.0490837
0.0445505
0.0439195
0.0448404
0.0470021
0.0609716
0.0441438
0.0473310
0.0733708
0.0455426
0.115988
0.0489787
0.0749384
0.0741122
0.0426575
0.0420643
0.0432236
0.0424188
0.0431634
0.0425431
0.0454083
0.0429871
0.0435746
0.0498226
0.0641031
0.0653122
0.0497413
0.0428261
0.0620131
0.0715554
0.0424834
0.0431924
0.0427843
0.0429709
0.0375745
0.0519248
0.0709478
0.0619438
0.0636027
0.0813119
0.0605513
0.184601
0.0523082
0.0587279
0.0602896
0.0470089
0.0684677
0.0697047
0.0627859
0.0542495
0.0488777
0.0379648
0.0501404
0.0472610
0.0661652
0.0473991
0.0467384
0.0498229
0.0698161
0.0600846
0.0579142
0.0446778
0.0625135
0.0524858
0.0511620
0.0495267
0.0504639
0.0432661
0.0648391
0.0603721
0.0627296
0.0595966
0.0663423
0.0375070
0.0636944
0.0455176
0.0584983
0.0590033
0.0449998
0.185061
0.0470453
0.0468638
0.0723873
0.0467532
0.0452877
0.0452357
0.0437521
0.0503475
0.0465747
0.0479616
0.0453028
0.0724257
0.0726294
0.132654
0.0491992
0.0460847
0.0590338
0.0583979
0.0403204
0.0468198
0.0447663
0.0597596
0.0453316
0.0427486
0.0559491
0.0454920
0.122545
0.125999
0.0401255
0.0577587
0.0459483
0.0531541
0.0401281
0.0372578
0.0469967
0.0447873
0.0678055
0.0685904
0.141130
0.0429215
0.0420004
0.0441813
0.0420929
0.0452184
0.0412141
0.0429253
0.0460157
0.0459064
0.0452349
0.0672467
0.0462853
0.0450190
0.0447087
0.0437597
0.0440716
0.0432766
0.0423379
0.0429637
0.0434337
0.0428610
0.0444564
0.0417405
0.0424599
0.0436789
0.0471592
0.0615545
0.0598387
0.0427897
0.0425913
0.0447479
0.0439302
0.0427444
0.0489422
0.0588312
0.0390366
0.0395784
0.0416118
0.0599160
0.0722831
0.0438254
0.0462047
0.132006
0.0489700
0.0486651
0.0408396
0.0378687
0.0387262
0.0389019
0.0433554
0.0606822
0.0480927
0.0692787
0.0496022
0.0555582
0.0576904
0.0455328
0.0555346
0.0494951
0.0548079
0.0518728
0.0394664
0.0754959
0.0727347
0.0655253
0.0925953
0.0894580
0.0497010
0.0450216
0.0517669
0.0519219
0.0536177
0.0406472
0.0533126
0.0370213
0.0369362
0.0369564
0.0367115
0.0370497
0.0516012
0.0502149
0.0510217
0.0503968
0.0515980
0.0513510
0.0446620
0.0545511
0.0551295
0.0583949
0.0658089
0.0628591
0.0378775
0.0457684
0.0593638
0.0580795
0.0584987
0.0623254
0.0648628
0.0624400
0.0632527
0.0653154
0.0624311
0.0631243
0.0591588
0.0580964
0.0577095
0.0650277
0.0620249
0.0675554
0.0626580
0.0781490
0.0592610
0.0617267
0.0616560
0.0587867
0.0426620
0.0644961
0.0646064
0.0595519
0.0601141
0.0554242
0.0586449
0.0567876
0.0827140
0.0442930
0.0367037
0.0479865
0.0385417
0.0441492
0.0400797
0.0544744
0.0519258
0.0373528
0.0440306
0.0433288
0.0402801
0.0403327
0.0488024
0.0411505
0.0540358
0.0504132
0.0372445
0.0488599
0.0381818
0.0659784
0.0480734
0.0450032
0.0381125
0.0503970
0.0724804
0.0440434
0.0435874
0.0432263
0.0385190
0.0377880
0.0375084
0.0489090
0.0434446
0.0513332
0.0507801
0.0374372
0.0433323
0.0371354
0.0365967
0.0372953
0.0371605
0.0361069
0.0552830
0.0556110
0.0435869
0.0392589
0.0563460
0.0638626
0.0621290
0.0576792
0.0565934
0.0588400
0.0475523
0.0482961
0.0731210
0.0375277
0.0559760
0.0422557
0.0434912
0.0544032
0.0637204
0.0372133
0.0547735
0.0415706
0.0370642
0.0531386
0.0473170
0.0468303
0.0367963
0.0390840
0.0542016
0.0401568
0.0406767
0.0546579
0.0428518
0.0430792
0.0447439
0.0459456
0.0565194
0.0358549
0.0361952
0.0359827
0.0547565
0.0614643
0.0405954
0.0413083
0.0512719
0.0448897
0.0434289
0.0729304
0.0702715
0.0363144
0.0372392
0.0456135
0.0469637
0.0481913
0.0500526
0.0373116
0.0478377
0.0477941
0.0477597
0.0442203
0.0452994
0.0363619
0.0431952
0.0456407
0.0445665
0.0382584
0.0369098
0.0379203
0.0378597
0.0377872
0.0510071
0.0845277
0.0615376
0.0457057
0.0386036
0.0386725
0.0393328
0.0542305
0.0519227
0.0516430
0.0502536
0.0507158
0.0480104
0.0628282
0.0409507
0.0404586
0.0386342
0.0383767
0.0585103
0.0561663
0.0596719
0.0651422
0.0570183
0.0518620
0.0504869
0.0368006
0.0629256
0.0615196
0.0586753
0.0588181
0.0507528
0.0665270
0.0501942
0.0596195
0.0591396
0.0583742
0.0599006
0.0599545
0.0616885
0.0794145
0.0422181
0.0420151
0.0626384
0.0602058
0.0608251
0.0652092
0.0554471
0.0609692
0.0611188
0.0462743
0.0888542
0.0521251
0.0605360
0.0644961
0.0625367
0.0573550
0.0591028
0.0580250
0.0642905
0.0566988
0.0511712
0.0626283
0.0706577
0.0599711
0.0614048
0.0610844
0.0545807
0.0593635
0.0393263
0.0431735
0.0439037
0.0508839
0.0527174
0.0405069
0.0386974
0.0430238
0.0442251
0.0404697
0.0423581
0.0397797
0.0452554
0.0410735
0.0418490
0.0363790
0.0422622
0.0427063
0.0421108
0.0369786
0.0465876
0.0369127
0.0364338
0.0365451
0.0365276
0.0395433
0.0394389
0.0386970
0.0399869
0.0413567
0.0454601
0.0423383
0.0399629
0.0364113
0.0438516
0.0484848
0.0482332
0.0381668
0.0397937
0.0406056
0.0397788
0.0441694
0.0421604
0.0432775
0.0432145
0.0406041
0.0440751
0.0415211
0.0432555
0.0358585
0.0450388
0.0451846
0.0393615
0.166610
0.0517116
0.0448043
0.0365096
0.0377775
0.0358741
0.0369723
0.0424496
0.0423954
0.0418521
0.0462653
0.0444575
0.0421864
0.0401113
0.0424699
0.0410867
0.0475392
0.0460578
0.0460862
0.0362114
0.0435355
0.0443213
0.0373361
0.0374505
0.0374610
0.0366574
0.0364240
0.0362683
0.0363845
0.0369865
0.0371658
0.0364843
0.0371694
0.0369541
0.0381783
0.0430307
0.0428720
0.0434586
0.0473496
0.0451641
0.0434729
0.0473284
0.0416382
0.0398127
0.0361931
0.0584780
0.211204
0.0362867
0.0361994
0.0443503
0.0366948
0.0364766
0.0367886
0.0371192
0.0374824
0.0379314
0.0516181
0.0419044
0.0442756
0.0387624
0.0428936
0.0482548
0.0467835
0.0442367
0.0434802
0.0437020
0.0819410
0.0519432
0.0365301
0.0364481
0.158465
0.0842446
0.0853576
0.0879193
0.0851955
0.0420372
0.0540606
0.0392037
0.176935
0.0993443
0.0557168
0.0568614
0.0386722
0.0512677
0.196767
0.0813004
0.0767893
0.0385620
0.0484307
0.0363707
0.0441208
0.134240
0.0416302
0.0362678
0.0405362
0.0393109
0.191851
0.0368072
0.124255
0.0430009
0.0933874
0.0912331
0.0924207
0.0490890
0.0482874
0.0360911
0.0439799
0.0373506
0.0402198
0.0388670
0.0390522
0.0392870
0.0389196
0.0370356
0.198711
0.0405845
0.0359795
0.0575899
0.0482466
0.0380947
0.0737848
0.0484683
0.0416314
0.0549136
0.0553715
0.0557569
0.0385916
0.0381218
0.0458965
0.0440825
0.0433818
0.0464361
0.0402300
0.0388541
0.0810951
0.0481246
0.340524
0.0461303
0.0454595
0.0444632
0.0440274
0.0421931
0.0454253
0.0450591
0.0465648
0.0455046
0.0447805
0.0443765
0.0431521
0.0546147
0.0555559
0.0563215
0.0390358
0.0383496
0.0559052
0.0473604
0.0470255
0.0477345
0.0466969
0.0475357
0.0476689
0.0723329
0.0833069
0.0437260
0.0463195
0.0545882
0.0383261
0.0449751
0.0381828
0.0366789
0.0433208
0.0389789
0.0823900
0.0449597
0.0467053
0.0474961
0.0470663
0.0507746
0.0505175
0.0363627
0.0359244
0.185987
0.0469475
0.0369349
0.0443904
0.0429759
0.0377600
0.0367743
0.0371325
0.0408304
0.0403974
0.0510549
0.0436615
0.0417687
0.0369433
0.0412342
0.0376491
0.0441342
0.0424530
0.0371583
0.0423355
0.0459685
0.0637283
0.0439803
0.0538476
0.0575693
0.0574699
0.0391325
0.0657305
0.257710
0.0517775
0.0367146
0.0389130
0.0485168
0.171514
0.0396414
0.0407116
0.0552331
0.0553955
0.0404451
0.0403843
0.0396358
0.0551132
0.0498733
0.0550952
0.0404023
0.0407980
0.0571819
0.0602985
0.187043
0.0536204
0.0690483
0.178239
0.0455047
0.0442985
0.0442935
0.0602159
0.0635638
0.0597183
0.0642625
0.0606985
0.0607926
0.0571397
0.0563400
0.0561636
0.0666071
0.0641716
0.0367501
0.0578494
0.0602320
0.0608984
0.0383810
0.0572492
0.0544395
0.0548897
0.0373696
0.0656904
0.0557256
0.0557380
0.0561935
0.0593458
0.0588229
0.0551898
0.0576523
0.0429505
0.0377119
0.0380225
0.0359422
0.0364294
0.0358885
0.0387572
0.0369134
0.0374775
0.0374702
0.0367368
0.0388741
0.0374457
0.0380782
0.0364705
0.0377224
0.0366734
0.0380848
0.0487326
0.0669476
0.0407039
0.0382516
0.0358533
0.0695571
0.0376476
0.0374886
0.0377506
0.0382538
0.0556579
0.0563863
0.0392145
0.0500043
0.276159
0.0744547
0.0437980
0.0546974
0.0383502
0.0481289
0.0389974
0.0529932
0.0938583
0.0428583
0.0482095
0.0575021
0.0444132
0.0577269
0.0385993
0.0387625
0.150185
0.0532578
0.0673789
0.0426963
0.0470406
0.0375811
0.0565842
0.0505748
0.0380073
0.0422617
0.0470253
0.0467711
0.0474158
0.0472874
0.0437426
0.0541328
0.0586243
0.0552468
0.0515564
0.0404943
0.0389869
0.0383824
0.0383364
0.0383255
0.0381707
0.157395
0.0459326
0.0577670
0.0406343
0.0388579
0.0374509
0.0371508
0.0370170
0.0368906
0.0364544
0.0492541
0.0453469
0.0487904
0.0494892
0.160020
0.0552823
0.0548943
0.0364616
0.0359149
0.0372352
0.0565395
0.0367259
0.0365688
0.0363535
0.0358553
0.0380790
0.0373738
0.0379395
0.0491725
0.0492047
0.0591779
0.0432202
0.0430623
0.0434984
0.0433338
0.0469948
0.0369169
0.0358664
0.0589731
0.0393472
0.0433136
0.0377607
0.0391436
0.0725586
0.0712431
0.0746335
0.0861788
0.0568500
0.0363460
0.0461493
0.0642568
0.0552130
0.0568117
0.0360889
0.0387962
0.0501308
0.0532259
0.0484659
0.0373071
0.0439710
0.0449357
0.0597590
0.0597617
0.0612395
0.0525131
0.0530933
0.0539769
0.0535688
0.0552658
0.0374323
0.0407826
0.0574293
0.0412011
0.0410327
0.0382491
0.0386551
0.0494418
0.0396973
0.0407904
0.0721269
0.0489446
0.0370857
0.0556125
0.0368999
0.0367484
0.0399849
0.0543916
0.0370549
0.0368000
0.0407380
0.0702884
0.0562518
0.0544108
0.0462108
0.0475857
0.0465664
0.0386813
0.0489347
0.0414698
0.0727824
0.0423331
0.0470982
0.0380730
0.0473569
0.0466810
0.0403601
0.0385207
0.0387027
0.0455773
0.0458373
0.0601924
0.0435724
0.0591798
0.0521541
0.0366106
0.327176
0.0450050
0.0615569
0.0614393
0.0362501
0.0441102
0.263335
0.0394697
0.0663895
0.0465288
0.0516982
0.0543131
0.0538425
0.0550853
0.177126
0.0554889
0.0433920
0.0461949
0.0447447
0.0632899
0.0593425
0.0628232
0.0378470
0.0361398
0.0436759
0.0436629
0.0452103
0.0415446
0.0431445
0.0417997
0.0435090
0.0436712
0.0427510
0.0423489
0.0445272
0.0436515
0.0460339
0.0635282
0.254768
0.0503087
0.0360724
0.0388046
0.0404945
0.0582414
0.0670602
0.0588411
0.0595158
0.0577636
0.0658496
0.0595433
0.0646123
0.0385120
0.0598414
0.0423407
0.0658772
0.0393848
0.0407482
0.0398755
0.122751
0.0407429
0.0541326
0.0544957
0.0546560
0.0376966
0.0365812
0.0644961
0.0575974
0.0644961
0.0417042
0.0466451
0.0415772
0.0432075
0.0599954
0.0403157
0.174883
0.0560298
0.0392939
0.0398114
0.0383111
0.0380181
0.0385248
0.0576999
0.0585839
0.0575725
0.0510975
0.0410527
0.0363089
0.0500142
0.0418726
0.0367045
0.0554148
0.0571721
0.0415658
0.0653538
0.0359292
0.0453580
0.0405657
0.0584550
0.0434370
0.0380692
0.0379455
0.0448068
0.0378823
0.0377613
0.0579703
0.0358632
0.0360873
0.0364802
0.0365112
0.0376564
0.0441329
0.0714397
0.0372651
0.0370124
0.0367103
0.0369667
0.0453368
0.0612894
0.0400319
0.0379992
0.179948
0.0371497
0.0377600
0.155950
0.0663885
0.0680698
0.0700472
0.0707016
0.0693918
0.0594789
0.0390485
0.0387027
0.0710213
0.0403459
0.0373288
0.0604402
0.0567754
0.0362369
0.0488191
0.0729165
0.0547325
0.0422876
0.0443967
0.0412790
0.0450794
0.0457837
0.102515
0.0473975
0.0378108
0.0492174
0.0403660
0.0548995
0.0546915
0.0444349
0.407313
0.0522907
0.0365276
0.0379462
0.167290
0.0544228
0.0406924
0.0409884
0.0409176
0.0575598
0.0708619
0.101754
0.0382732
0.0687919
0.0576947
0.0569903
0.0368717
0.0506515
0.0765706
0.0432501
0.0456694
0.0469398
0.0471400
0.0366773
0.0362534
0.0374210
0.0359041
0.0493327
0.0505406
0.0396666
0.0493149
0.0410571
0.0486951
0.0501482
0.0495201
0.0492527
0.0487238
0.0479334
0.0483360
0.109317
0.140108
0.0413676
0.0391331
0.125903
0.0612840
0.0380681
0.0418467
0.0448917
0.0448196
0.0443779
0.0443819
0.0384513
0.0384747
0.0478618
0.151143
0.0417292
0.0487806
0.0470572
0.0456355
0.0402358
0.0392805
0.0369636
0.0414113
0.0413750
0.0399077
0.0392524
0.0391477
0.0378687
0.0411398
0.0393955
0.0394229
0.0413548
0.0392400
0.0373988
0.0365593
0.0384824
0.0366130
0.0377927
0.0378020
0.0375390
0.0394544
0.0381116
0.0361219
0.0412419
0.0722282
0.0369369
0.0360361
0.0470856
0.0407496
0.0934293
0.0432988
0.0433736
0.0421431
0.0436031
0.0445064
0.0489109
0.0437834
0.0495831
0.0437942
0.0438301
0.0480050
0.0422958
0.0501978
0.0525791
0.0521703
0.0720065
0.0746106
0.0695864
0.0682643
0.0363266
0.0454850
0.0409669
0.0437784
0.0421251
0.0444991
0.0433463
0.0474186
0.0420227
0.0457786
0.0455215
0.0437210
0.0442606
0.0374727
0.0379158
0.0392497
0.0467837
0.0469546
0.0662539
0.0425188
0.102839
0.100032
0.0432682
0.0467759
0.0566931
0.154935
0.160922
0.0695729
0.0506747
0.0496533
0.0487003
0.0422420
0.0421637
0.0960919
0.0428840
0.0407507
0.0425292
0.0470860
0.0435187
0.0444214
0.0438310
0.0422155
0.0431046
0.0436638
0.0438533
0.0451565
0.0432309
0.0376046
0.0700714
0.0480193
0.0407667
0.0388024
0.0420864
0.0378970
0.160317
0.0711393
0.0727385
0.0443558
0.0450980
0.0446118
0.0432075
0.0417135
0.0654319
0.0533862
0.0472434
0.0441427
0.0457965
0.0478525
0.0453410
0.0465978
0.0425051
0.0430308
0.0431041
0.0444527
0.0426399
0.0407451
0.0417842
0.0437893
0.0437264
0.0414961
0.0457108
0.0429746
0.0444325
0.0405091
0.0373205
0.0460973
0.0432124
0.0400778
0.0443186
0.0383558
0.0440489
0.0430908
0.0424754
0.0426653
0.0413735
0.0371288
0.0430636
0.0437779
0.0445777
0.0443706
0.0601852
0.0442307
0.0390979
0.0388190
0.0381563
0.0369111
0.0387316
0.0379742
0.0378404
0.0391700
0.0372734
0.0391951
0.0415021
0.0392260
0.0390516
0.0407929
0.0403682
0.0380259
0.0382364
0.0437259
0.0445850
0.0380737
0.0372960
0.0393654
0.0366963
0.0361549
0.0361098
0.0364056
0.0380040
0.0438944
0.0382941
0.0383952
0.0377510
0.0380355
0.0384777
0.0422735
0.0439858
0.0446597
0.0388541
0.0364497
0.0360578
0.0444739
0.0479365
0.0389543
0.0715961
0.0413947
0.0440465
0.0446270
0.0445938
0.0365994
0.0361357
0.0368955
0.0439722
0.0426806
0.0442522
0.0384700
0.0423568
0.0482221
0.0445372
0.0431473
0.0493137
0.0419614
0.0402858
0.0501731
0.0432804
0.0402897
0.0432846
0.0461467
0.0539644
0.0366586
0.0374757
0.0464282
0.0371460
0.0371434
0.0398310
0.0368298
0.0366611
0.0388110
0.0384780
0.0370794
0.0378274
0.0382574
0.0374314
0.0426713
0.0380608
0.0385505
0.0384153
0.0384171
0.0439942
0.0424230
0.0440194
0.0440866
0.0390362
0.0366622
0.0386959
0.0439613
0.0401449
0.0386676
0.0431950
0.0435430
0.0415132
0.0510898
0.0456766
0.0620229
0.0765838
0.0501706
0.0957315
0.0546866
0.0542093
0.0404147
0.0427257
0.0427931
0.0437222
0.0367263
0.0396698
0.0375822
0.0427119
0.0411220
0.0433883
0.0362328
0.0423950
0.0365170
0.0836124
0.0506154
0.0507994
0.0581005
0.0427172
0.0443722
0.0433459
0.0427039
0.0396399
0.0360732
0.0388482
0.0363436
0.0366409
0.0367002
0.0375476
0.0365416
0.0380073
0.0372588
0.0384420
0.0379622
0.0387327
0.0375991
0.0620436
0.0453226
0.0430092
0.0421094
0.0443565
0.0399822
0.0420218
0.0411810
0.0416045
0.0446261
0.0431463
0.0379236
0.0447008
0.0389855
0.0383355
0.116963
0.0496772
0.118150
0.0482602
0.0492141
0.0482767
0.0483892
0.0477295
0.119658
0.0482292
0.145376
0.0411461
0.0485735
0.0481246
0.0476867
0.0439159
0.139084
0.0487125
0.0471794
0.0472955
0.0482913
0.0482347
0.0394349
0.0468940
0.0475924
0.0551840
0.0615267
0.0412401
0.0480857
0.0436728
0.0367299
0.0707674
0.0539938
0.134826
0.107525
0.0395937
0.0464509
0.0430652
0.0432772
0.0375377
0.0371848
0.0376000
0.0386615
0.0603335
0.0587533
0.0428042
0.0439500
0.0440677
0.0406901
0.0393893
0.0368702
0.0365783
0.0388579
0.0393867
0.0400413
0.0382593
0.0391784
0.0390689
0.0422295
0.0437243
0.0432429
0.0358842
0.0519543
0.0382309
0.0474024
0.0442561
0.0586402
0.0435566
0.0758872
0.0432731
0.0568498
0.0436494
0.0430605
0.0443068
0.0564355
0.0503584
0.0605738
0.0505238
0.0630289
0.0484874
0.0710289
0.0494463
0.0432840
0.0403259
0.0665767
0.0568524
0.0384659
0.0738054
0.0430588
0.0655763
0.0463227
0.0451909
0.0456568
0.0443271
0.0415055
0.0433528
0.0435882
0.0434313
0.0425903
0.0432466
0.0438028
0.0439415
0.0607648
0.0486090
0.0396485
0.0666818
0.141733
0.0371910
0.0464144
0.0605536
0.0432709
0.0423981
0.0708551
0.0392829
0.0388476
0.0390659
0.0380050
0.0409783
0.0728298
0.0451016
0.0434464
0.0443902
0.0431118
0.0462577
0.0472357
0.0446935
0.0893743
0.0435601
0.0475450
0.0462769
0.0619648
0.0526681
0.288400
0.0440619
0.0393824
0.0523882
0.0607541
0.0398206
0.0387980
0.0387838
