beta
0.059247374
0.036922821
0.078666118
0.070902934
0.076211042
0.036289936
0.055006629
0.048569036
0.050114586
0.037855378
0.048054984
0.077231835
0.040299495
0.040090189
0.036907439
0.080384173
0.079118983
0.078828365
0.076889488
0.069375460
0.097738966
0.079699925
0.080281019
0.093466536
0.045218205
0.036513782
0.036714469
0.047996778
0.048430123
0.059424572
0.048215722
0.046377889
0.035975005
0.10475375
0.037133120
0.050523372
0.050934560
0.065338508
0.051214186
0.037658220
0.038011512
0.044855497
0.036948531
0.037331733
0.058016795
0.039648062
0.078176748
0.082496640
0.049073820
0.072251084
0.092313093
0.045165422
0.070460758
0.068674775
0.068631535
0.050642891
0.036631352
0.062705437
0.058430849
0.13399453
0.036185903
0.038065184
0.037310436
0.037388833
0.037939921
0.036947843
0.036415479
0.036096390
0.037226662
0.041210360
0.055531481
0.056207372
0.077101810
0.079119439
0.073578045
0.060359724
0.064269555
0.062471879
0.046781834
0.046797464
0.048457806
0.059183812
0.059756291
0.052474439
0.064497422
0.036313407
0.044954274
0.037241753
0.081833256
0.081042235
0.059411161
0.048007608
0.039522985
0.036967363
0.036165775
0.036323830
0.036411959
0.038276028
0.038240949
0.038245712
0.062855541
0.036874253
0.080986273
0.036377332
0.058851649
0.060241530
0.057923359
0.042450456
0.044243600
0.043617758
0.037170791
0.056239662
0.039305160
0.037067630
0.10124066
0.099979308
0.079145409
0.078048223
0.070683666
0.061936715
0.060417902
0.054320664
0.055631184
0.055402802
0.048614663
0.041560461
0.037160993
0.036328002
0.036553159
0.041207019
0.037392354
0.042081551
0.041100089
0.043856943
0.043355110
0.044444179
0.044809307
0.050598560
0.042079081
0.039984842
0.043357002
0.044992553
0.058488337
0.055767292
0.055814953
0.056607665
0.042600424
0.068618441
0.051955315
0.054206949
0.040205023
0.040953833
0.070498711
0.041894668
0.035964180
0.055766456
0.053633376
0.067923301
0.058628670
0.061129492
0.075158868
0.072076472
0.077615551
0.055155157
0.054643847
0.036142749
0.036972815
0.036721202
0.042277585
0.078207314
0.043978404
0.10457727
0.035962792
0.22753358
0.23470908
0.048094726
0.036715233
0.044889961
0.035923988
0.048786160
0.048121390
0.067815876
0.061747613
0.040272391
0.046681171
0.047639208
0.048077672
0.060193824
0.039769365
0.039553816
0.043335769
0.044125699
0.042750918
0.050480626
0.058380070
0.048481876
0.054891147
0.071489382
0.045267642
0.061095196
0.061082784
0.059221321
0.059752676
0.046368865
0.052528426
0.054367896
0.045792202
0.046507717
0.039049185
0.038516054
0.039500574
0.042349079
0.041360100
0.038780225
0.055297886
0.036389358
0.037227041
0.050209900
0.068513821
0.061506564
0.074475540
0.041809961
0.046856293
0.041797956
0.041520915
0.038852485
0.042490351
0.046957627
0.039974616
0.035872359
0.036139160
0.036787264
0.049172966
0.036581170
0.048882676
0.052037753
0.057013258
0.057779309
0.055174405
0.053975121
0.072885005
0.037031290
0.10297069
0.056597187
0.036264402
0.045912733
0.052410559
0.078375630
0.043567647
0.042518689
0.041518668
0.040538554
0.039026018
0.036464833
0.036335397
0.074050397
0.065950186
0.040161566
0.060167706
0.036162508
0.046338899
0.036499265
0.056536549
0.038085487
0.045681095
0.045632481
0.067309522
0.042696325
0.040115804
0.073426220
0.036331300
0.036557698
0.056707189
0.037567838
0.056622968
0.074966484
0.036450099
0.098785378
0.065510725
0.038389671
0.046272440
0.041265755
0.036109288
0.040172224
0.049823528
0.055218898
0.042969572
0.041603391
0.041908206
0.036191612
0.035978023
0.035868929
0.037166922
0.036959410
0.056783274
0.047331010
0.048196107
0.038139354
0.061842493
0.062041880
0.061296189
0.073405025
0.065229715
0.039922221
0.041251274
0.041574042
0.055395130
0.052864832
0.038423531
0.038654059
0.039766800
0.045318536
0.10132178
0.041974633
0.067241242
0.066336135
0.041634073
0.065657284
0.044294497
0.043794211
0.037297521
0.037382230
0.048170637
0.064981203
0.058707844
0.044916903
0.058714455
0.058419138
0.040707503
0.040755736
0.044497375
0.039769592
0.036653662
0.068330400
0.065021986
0.035989968
0.035844914
0.036885526
0.069573475
0.20988050
0.055697103
0.041657333
0.10545903
0.052569417
0.070113215
0.050141784
0.081612632
0.082132908
0.083661670
0.049586598
0.058309949
0.066276582
0.064559430
0.041965039
0.051245941
0.055835933
0.081606019
0.038262077
0.037769390
0.038775293
0.042700833
0.042524431
0.056582444
0.041409978
0.053015715
0.044808369
0.037179387
0.037190856
0.049844744
0.049632747
0.050133402
0.053366334
0.051322175
0.042137446
0.052375417
0.079082505
0.081088553
0.042875482
0.042352225
0.066191828
0.037673178
0.038585487
0.063183622
0.038102799
0.038376705
0.040887942
0.091687672
0.092491420
0.044401391
0.045376584
0.041028487
0.048838965
0.052567172
0.052554618
0.042946681
0.051521480
0.037268067
0.12040944
0.12106683
0.052561134
0.086028503
0.058802606
0.044828701
0.077360009
0.042481298
0.039202686
0.079658147
0.036684773
0.041273561
0.041115603
0.049403553
0.036425486
0.081876727
0.048359648
0.10186277
0.040528064
0.036289777
0.036797000
0.036620539
0.045303866
0.046083211
0.046658669
0.044485496
0.045450169
0.044201274
0.038002964
0.044177852
0.036503541
0.044684609
0.037623998
0.045837200
0.046533764
0.075699765
0.040681915
0.039747415
0.036864444
0.042404240
0.037955557
0.036945478
0.040513720
0.041712846
0.049170941
0.037536848
0.071402617
0.036612561
0.051111723
0.053401687
0.048365957
0.053791524
0.045970974
0.091309988
0.039819953
0.039381750
0.045339522
0.051555365
0.053040760
0.071878769
0.071361191
0.19930248
0.054816096
0.036934535
0.062109201
0.049719520
0.037251585
0.074076688
0.068236428
0.040426166
0.051090254
0.052165667
0.050755517
0.052790284
0.040910431
0.048056639
0.050475284
0.051834426
0.051178378
0.052297555
0.071501264
0.040127198
0.071485326
0.040116108
0.037082178
0.036808089
0.056518185
0.056631207
0.044758396
0.051787333
0.073603176
0.047112562
0.061758937
0.052266039
0.051280534
0.072997877
0.041555531
0.041273134
0.073279244
0.037737972
0.043872649
0.054887241
0.038675219
0.038132396
0.065255351
0.072701928
0.049438562
0.048733172
0.075625042
0.076578770
0.077321452
0.052487101
0.078983632
0.075330224
0.074143176
0.080426145
0.097625369
0.063536359
0.058206070
0.056203171
0.057926151
0.082381309
0.073594563
0.074826955
0.071112426
0.062744311
0.077388614
0.073889705
0.073106707
0.062263760
0.060670278
0.061283252
0.063007053
0.063951783
0.096007876
0.087183924
0.089445040
0.084155190
0.087714688
0.089294164
0.10125888
0.090929730
0.093244071
0.095560027
0.091731442
0.091286928
0.094649190
0.084675790
0.081970103
0.090441625
0.074712070
0.090575635
0.088996325
0.083446680
0.088532075
0.082098346
0.093100777
0.081566685
0.076560208
0.086396868
0.079873746
0.091151251
0.088844356
0.074627860
0.091031422
0.077530663
0.085018680
0.084644184
0.080936693
0.072510438
0.088168462
0.080443544
0.084118319
0.092991534
0.094424844
0.090822860
0.079662024
0.091795980
0.25469028
0.088139013
0.089081193
0.10907158
0.089387793
0.092235478
0.081378824
0.11220921
0.10775011
0.089627016
0.087712545
0.076925223
0.083400683
0.088222846
0.082552081
0.087686424
0.080140042
0.089138593
0.10083452
0.082173525
0.076046954
0.085042712
0.085049181
0.082306967
0.076479207
0.088054783
0.075185452
0.087294383
0.087145033
0.089681879
0.081911695
0.071436928
0.097975628
0.092697099
0.079039481
0.080350698
0.086454971
0.089031522
0.069330551
0.061134775
0.085701099
0.086939335
0.089718857
0.094975210
0.092157175
0.084226612
0.077369730
0.060701697
0.082611288
0.072843776
0.068397914
0.063001055
0.095573760
0.095712558
0.077887880
0.078423294
0.10224652
0.059473534
0.057713475
0.064871106
0.071501585
0.090870662
0.079852934
0.078816883
0.078065782
0.085056707
0.077830690
0.076324108
0.080211618
0.056074334
0.066446460
0.054082876
0.057096053
0.051282822
0.052420684
0.059494622
0.068909511
0.12400925
0.073640560
0.073278222
0.096754346
0.092026168
0.077008545
0.083900268
0.067146905
0.061615304
0.051700108
0.059089958
0.074660117
0.050411168
0.071985292
0.067958181
0.058188510
0.072459944
0.072779133
0.072124898
0.087492477
0.40907273
0.067900177
0.075063026
0.075796285
0.073093700
0.076883307
0.23439765
0.14593054
0.067879855
0.068261404
0.13018248
0.072757356
0.077830228
0.077522749
0.077690518
0.079624484
0.075674477
0.077779528
0.078527302
0.13840851
0.086026260
0.096652555
0.090266985
0.089954629
0.099353861
0.084125282
0.064930458
0.064994602
0.060726846
0.060189858
0.060611458
0.068573690
0.075898071
0.073023634
0.095299882
0.093312884
0.092654714
0.094566024
0.090471300
0.097425013
0.092644474
0.13585377
0.096330297
0.10018568
0.048669546
0.054992670
0.072244793
0.070150514
0.071887128
0.075131116
0.077436450
0.14785925
0.089855984
0.15377189
0.15466895
0.090863990
0.094693471
0.10539767
0.10289563
0.10556683
0.10557033
0.059688080
0.090052023
0.089485946
0.087076999
0.10308846
0.10793772
0.22018728
0.12235543
0.087449306
0.087183191
0.10190967
0.090884971
0.088031942
0.23291467
0.082949895
0.079871957
0.10474768
0.092768140
0.10104568
0.095224258
0.095525123
0.10010992
0.083650412
0.087207422
0.093633787
0.093423282
0.091767087
0.094308037
0.084671089
0.083888976
0.082236002
0.077676333
0.091206551
0.096246805
0.092095458
0.086366786
0.083009149
0.084188380
0.070465857
0.13155140
0.099708725
0.094252234
0.097517968
0.090135957
0.082963181
0.091970938
0.091146350
0.089650937
0.088354619
0.081476683
0.088942200
0.090271067
0.090785648
0.096356166
0.097218433
0.094803625
0.083627831
0.10287800
0.095867231
0.091917936
0.092271259
0.074044274
0.072723586
0.074033234
0.085332841
0.085088265
0.089810621
0.056644157
0.089564489
0.063491448
0.063747795
0.062228548
0.061532884
0.11514091
0.085824419
0.060243462
0.061172434
0.059570273
0.060111193
0.061510350
0.062339855
0.093377365
0.087986244
0.099694047
0.084582595
0.13635744
0.099482091
0.10081188
0.092054602
0.077507876
0.32191226
0.065314396
0.30276277
0.092995684
0.10450495
0.10173123
0.091748611
0.085776290
0.067490125
0.059660412
0.075138287
0.075154306
0.38794996
0.086328098
0.064164372
0.068581461
0.061501042
0.087588348
0.10494176
0.11449893
0.12316129
0.077630719
0.074833206
0.076193711
0.079400677
0.12961501
0.098122376
0.092935372
0.080785185
0.073049969
0.075996365
0.073966361
0.091559067
0.074661592
0.073132245
0.075041875
0.17520364
0.060467077
0.069415757
0.060619209
0.052968727
0.054431739
0.050789457
0.052047004
0.053765124
0.051855943
0.051718155
0.047825041
0.049697473
0.10128490
0.060474904
0.051547759
0.051220906
0.051723336
0.051742816
0.048306065
0.049330863
0.048734471
0.051056869
0.055257698
0.055491030
0.050958338
0.10430913
0.058185622
0.10895519
0.055363028
0.058581626
0.050832963
0.049418873
0.050086814
0.061685432
0.064050710
0.048450884
0.057056206
0.052963864
0.070623626
0.067368580
0.068465519
0.068294015
0.071394428
0.069426018
0.055040684
0.32864552
0.048651152
0.048590619
0.047934157
0.059084747
0.062308780
0.056051669
0.056118370
0.055521692
0.046411858
0.045583487
0.036401179
0.076936886
0.20148234
0.068186497
0.072496133
0.070490082
0.065972156
0.071939843
0.076931854
0.072148666
0.067958299
0.058943532
0.048992647
0.048908471
0.054192281
0.053390755
0.051493205
0.049124027
0.050239822
0.036307990
0.069715545
0.055500382
0.037756623
0.043639715
0.042206594
0.053547664
0.054667600
0.053523783
0.041340779
0.041144668
0.042516200
0.27583280
0.048546549
0.036379731
0.037241074
0.038078657
0.036255727
0.036845269
0.054241247
0.041155265
0.037687206
0.035980485
0.036380118
0.071521610
0.061187916
0.036201798
0.064584453
0.053122196
0.038986911
0.052782024
0.050316365
0.048407486
0.049071284
0.049987884
0.047610626
0.061678446
0.047586826
0.039107928
0.038578736
0.050301447
0.074924646
0.32239751
0.042287859
0.054412025
0.077673798
0.037224369
0.036760969
0.037270461
0.039748496
0.035987046
0.036915626
0.036657498
0.036280215
0.035962668
0.069344782
0.071543554
0.079672500
0.060024379
0.073222639
0.063643135
0.059182888
0.067114379
0.053158984
0.078763880
0.080512147
0.072645099
0.059292447
0.045147263
0.044122288
0.042929455
0.054152835
0.054857510
0.041349954
0.050656637
0.048444043
0.039663826
0.039015804
0.23936947
0.040254892
0.079459361
0.076083622
0.054048118
0.044887117
0.044286598
0.043792831
0.045248493
0.035932061
0.037026762
0.064721795
0.049545818
0.071009675
0.041479457
0.041450579
0.042362476
0.059645619
0.040879944
0.24693597
0.041040937
0.041166541
0.23241886
0.16797759
0.048449881
0.038109652
0.038198190
0.039358237
0.078651859
0.043984333
0.038472596
0.038950606
0.039749361
0.047380508
0.048563974
0.048172402
0.047450267
0.047787936
0.064949921
0.068669629
0.046876950
0.060818702
0.063111105
0.059323029
0.060050591
0.059112127
0.052339858
0.043028270
0.042860306
0.039408795
0.048470955
0.041164469
0.035905918
0.036327187
0.036898139
0.060157455
0.064745360
0.046342876
0.070057908
0.052213571
0.14814849
0.074031174
0.065073780
0.036521456
0.048346188
0.042077500
0.085425232
0.080703503
0.047811405
0.049290836
0.050946327
0.10407003
0.041356602
0.041860639
0.056045040
0.044901656
0.045083294
0.037655651
0.055795741
0.046445308
0.037379680
0.047350790
0.063979526
0.036074357
0.055456407
0.062781693
0.064090710
0.061207535
0.061653565
0.057824619
0.055267513
0.039216985
0.039171092
0.044598121
0.051709934
0.040596719
0.040415163
0.041796893
0.042245847
0.050500202
0.050151237
0.052532143
0.049862643
0.052637991
0.052864802
0.043585409
0.045489385
0.050555835
0.051251169
0.056903931
0.050619235
0.051393334
0.054450141
0.054703575
0.053997798
0.050165022
0.049909149
0.049311518
0.049618015
0.037416714
0.036547143
0.045253825
0.044516815
0.049987783
0.050120813
0.047626458
0.047369305
0.047883879
0.049985749
0.046505727
0.049839608
0.048676052
0.046776873
0.048907314
0.048747105
0.053444089
0.050887320
0.053727285
0.049921428
0.050601663
0.054195887
0.053958114
0.053252235
0.053684697
0.041651932
0.037657967
0.037442722
0.038564649
0.036513713
0.036175363
0.036978395
0.042105782
0.048643316
0.051418404
0.054485915
0.039296219
0.038155807
0.039635587
0.038032542
0.036158558
0.036095393
0.037864436
0.037380448
0.037564140
0.043338337
0.051953108
0.049588048
0.048709311
0.048687559
0.038052638
0.041112945
0.039071131
0.037182041
0.037100572
0.068258816
0.042602860
0.047340641
0.045885176
0.039654352
0.039962723
0.039033689
0.038106786
0.036995401
0.043062941
0.049139104
0.087272050
0.057395637
0.048913232
0.068754258
0.039078204
0.11214466
0.040043858
0.039858422
0.046258058
0.040249913
0.039770635
0.038820732
0.048814151
0.049075920
0.039601806
0.041679944
0.037396616
0.043493509
0.045250094
0.040943773
0.041520675
0.046623016
0.039945347
0.066725497
0.070122565
0.065394685
0.060902252
0.059091028
0.044294637
0.036774667
0.036906073
0.037190351
0.077192077
0.037731517
0.039065564
0.042951173
0.041763067
0.036915780
0.041011111
0.043290320
0.041997296
0.043207899
0.044408457
0.047519493
0.036872585
0.043761478
0.046837198
0.042371690
0.044727664
0.044865939
0.073745846
0.041152570
0.074038699
0.044540753
0.039530178
0.042147110
0.041918462
0.042740218
0.043020534
0.040908531
0.050270076
0.048249816
0.038333565
0.038407001
0.046113084
0.072295567
0.074048904
0.072475556
0.062024248
0.092101565
0.041474765
0.044406634
0.046543190
0.043633486
0.044695687
0.043295829
0.047543085
0.044502446
0.077721765
0.043504974
0.038457604
0.047866431
0.038057333
0.038211246
0.039630421
0.074454360
0.074326357
0.074212774
0.039679967
0.036921156
0.036275244
0.060461406
0.065309993
0.068667632
0.037752082
0.037959567
0.077796977
0.038467996
0.039740542
0.044471068
0.044472215
0.046136549
0.044043261
0.044948374
0.046475738
0.046170191
0.044405109
0.045048573
0.072981666
0.040547141
0.039917819
0.040860810
0.037349093
0.037121784
0.068099055
0.068101261
0.067304596
0.074635303
0.080531045
0.077303329
0.041051463
0.041403026
0.057577904
0.044183238
0.047186027
0.046657321
0.046460064
0.036688464
0.036634917
0.049406788
0.066826189
0.039285939
0.047987483
0.048192490
0.046302158
0.038045444
0.11659534
0.049252945
0.071622033
0.046492187
0.048863090
0.066527041
0.068762260
0.048879015
0.039485240
0.065272866
0.059006143
0.043799874
0.037878082
0.085316023
0.047365192
0.054317048
0.038187172
0.045927067
0.050970170
0.050552738
0.040544773
0.040578994
0.040834857
0.040585413
0.052197794
0.040500565
0.085756524
0.040150227
0.038825488
0.050660158
0.056492537
0.037927289
0.046785341
0.049466672
0.049265369
0.047882239
0.052356805
0.053132040
0.038378022
0.037774680
0.043112224
0.090698214
0.045205884
0.085277792
0.082368897
0.071414602
0.070698445
0.045760348
0.050014549
0.050535260
0.049519462
0.055857484
0.056997394
0.054725639
0.049949931
0.052521232
0.037059585
0.084364922
0.037891206
0.037810115
0.043652573
0.038527122
0.038257981
0.041935852
0.037470505
0.037788552
0.086201019
0.088144831
0.086392623
0.043399684
0.067879569
0.043653975
0.052473045
0.051622599
0.054543254
0.051734354
0.052663257
0.054483852
0.052573042
0.055652791
0.038672973
0.038433100
0.038188624
0.038501441
0.037927730
0.10426746
0.10779950
0.41535759
0.045494669
0.080458669
0.084583167
0.059275412
0.065040993
0.060156244
0.070522035
0.065137494
0.10717392
0.045934439
0.037321642
0.061603511
0.082488837
0.11241747
0.058569530
0.069532558
0.077197491
0.059028498
0.037227320
0.087200960
0.036763296
0.067985291
0.053341545
0.051330184
0.036408523
0.039706435
0.040438438
0.082317623
0.038811445
0.053027397
0.036448071
0.081222676
0.081881629
0.080523055
0.083621549
0.074310772
0.041806727
0.040461840
0.11114739
0.089702425
0.088677095
0.084765329
0.047334707
0.12469621
0.057527328
0.068112113
0.068456871
0.097301592
0.096852753
0.12384310
0.041372698
0.043252608
0.043350311
0.058614456
0.20296148
0.039975414
0.040105657
0.039629608
0.080495744
0.059943097
0.075349843
0.094216504
0.095745533
0.094516664
0.088246189
0.095058651
0.074594785
0.072174096
0.095654858
0.070580151
0.10911709
0.059011786
0.080014610
0.087252413
0.13689888
0.16843553
0.070016364
0.11698044
0.090362257
0.16608737
0.17079983
0.070837033
0.074199496
0.074355623
0.088663883
0.085569151
0.088893055
0.090188269
0.092974277
0.32642812
0.087493053
0.089925244
0.088563314
0.088000724
0.10379726
0.096316847
0.24758217
0.088590984
0.084947977
0.040662680
0.037985191
0.038189762
0.038527351
0.038304166
0.075375335
0.038257899
0.075998389
0.055108148
0.064220155
0.056580992
0.057989626
0.057933222
0.056613564
0.068395353
0.042556566
0.062616243
0.062555464
0.044162471
0.036525330
0.047358938
0.036462157
0.036749635
0.037586120
0.036865168
0.036443058
0.036998578
0.036622161
0.036692778
0.036238448
0.055858922
0.039495160
0.048735807
0.037157546
0.072791898
0.038840432
0.059259740
0.036023781
0.042584710
0.045649399
0.046931559
0.046708379
0.047117358
0.047285726
0.046557908
0.039164544
0.062588061
0.069319108
0.039425446
0.036986608
0.084180225
0.076869397
0.087245919
0.087645306
0.056444942
0.069256421
0.12414854
0.074340455
0.075991753
0.058450440
0.088441789
0.27255309
0.089658183
0.079921925
0.089452098
0.12597795
0.090445832
0.079318403
0.12734265
0.12644511
0.073951891
0.068000361
0.086848194
0.059536701
0.062635315
0.093514354
0.080973140
0.050865728
0.085095554
0.059914054
0.091236711
0.063300301
0.12429016
0.081635936
0.077655655
0.060707669
0.081701208
0.080863820
0.088191924
0.056986583
0.056350430
0.092417649
0.084963995
0.14908103
0.33767418
0.13403034
0.31018194
0.30383541
0.092692880
0.090459338
0.092155850
0.091336763
0.090548447
0.10159683
0.093186031
0.090725087
0.15654040
0.087963061
0.035939050
0.062322475
0.060128858
0.037478143
0.058752672
0.039398669
0.038197445
0.050722484
0.059829307
0.040677239
0.047799000
0.044170524
0.048355949
0.054337032
0.053810355
0.049283140
0.048354233
0.10216443
0.10231043
0.11215470
0.045528508
0.040584201
0.040387690
0.042039720
0.064105997
0.064047409
0.065730844
0.065454049
0.048160268
0.048780191
0.048817032
0.059088906
0.051932608
0.053318068
0.049869128
0.10462673
0.058731985
0.045867766
0.040866140
0.048139699
0.041649537
0.042114231
0.055377031
0.061197984
0.046169820
0.046533254
0.071353545
0.044040951
0.045524389
0.046835320
0.039477709
0.051394213
0.078410996
0.098311548
0.044697381
0.043725534
0.061674249
0.052438901
0.041257486
0.058659770
0.058950417
0.039733988
0.038702021
0.040631510
0.067572529
0.048542435
0.048073789
0.049996074
0.039684617
0.038942989
0.046340543
0.047995595
0.050487486
0.039974889
0.040009910
0.046424809
0.049956522
0.048911846
0.053551439
0.036417376
0.10714712
0.058784248
0.045799501
0.049640528
0.050424075
0.041130128
0.063759425
0.038471135
0.056220270
0.056701366
0.047574967
0.060510555
0.060187445
0.061794517
0.044322287
0.049101512
0.049054659
0.070048495
0.10901503
0.049301115
0.038948710
0.036282076
0.036538063
0.048270222
0.049177792
0.061686096
0.036787339
0.047616978
0.051302111
0.058913292
0.061510011
0.048631559
0.045356230
0.041852500
0.041395032
0.041916197
0.061502812
0.049287676
0.048188102
0.046639428
0.046175685
0.054473097
0.040913012
0.040587694
0.053779860
0.040893700
0.055759611
0.051853924
0.052329187
0.061638626
0.16511067
0.19731984
0.18338633
0.098313454
0.050616120
0.051902201
0.036768486
0.037594909
0.074779646
0.036072101
0.15278270
0.046088698
0.047482225
0.048338037
0.045126877
0.068594730
0.036526987
0.048526419
0.21803723
0.054404723
0.045628987
0.045659168
0.052705420
0.059119479
0.059553470
0.056024029
0.057358406
0.049147718
0.046964482
0.078236978
0.089648034
0.090522170
0.078610538
0.076931530
0.080921763
0.050831084
0.065128753
0.057450741
0.065738643
0.066891910
0.073973671
0.075152542
0.075857593
0.062000886
0.080357472
0.065643327
0.065385321
0.062527061
0.050492269
0.053180848
0.054812902
0.060738496
0.073760672
0.058631285
0.096700219
0.050793756
0.061860278
0.049300491
0.060454507
0.050299821
0.051202328
0.057378036
0.061093777
0.062417105
0.055971650
0.059070516
0.058560595
0.058955720
0.060882416
0.060400345
0.097595166
0.086986413
0.068895487
0.076466358
0.056017248
0.057918338
0.062107241
0.12521699
0.12750302
0.13405909
0.13057353
0.074865967
0.074513217
0.061713161
0.055478744
0.057278840
0.057970868
0.057403093
0.057268018
0.058034723
0.074666484
0.057834380
0.057747063
0.036039482
0.036545983
0.051853239
0.036155649
0.037015058
0.041824518
0.041683948
0.035863013
0.037262433
0.25577689
0.089654672
0.34868436
0.091871124
0.090126718
0.089135924
0.10298315
0.57009182
0.10136533
0.091989526
0.36292736
0.098319815
0.59842254
0.060314088
0.067900681
0.043042241
0.058798972
0.052086304
0.043991640
0.050686171
0.053700679
0.050613026
0.047224205
0.049454992
0.053428301
0.055378783
0.052518203
0.050427578
0.048941902
0.049735131
0.048101817
0.050880743
0.051119999
0.064014169
0.039444989
0.062621192
0.057906175
0.038436196
0.042946746
0.048367320
0.045510168
0.041670971
0.057385045
0.041454825
0.046385124
0.049486440
0.049864348
0.047936356
0.052164710
0.056942608
0.050588578
0.049665281
0.055207361
0.054173008
0.049160639
0.053359658
0.049880574
0.050893176
0.049492059
0.054612125
0.050893708
0.051870152
0.050925935
0.060876911
0.052292339
0.051857633
0.053003379
0.054529545
0.049915991
0.049764628
0.051611617
0.050982022
0.048193467
0.050316878
0.050897144
0.24636626
0.047572725
0.047873469
0.047068194
0.035882930
0.036537498
0.037186416
0.036233483
0.037831357
0.036693261
0.042719820
0.058627575
0.057234508
0.065755160
0.061086214
0.043866678
0.047518157
0.047195270
0.051887105
0.049707479
0.049113446
0.051039620
0.040451017
0.064168360
0.038498612
0.038742999
0.037097921
0.037298014
0.036782534
0.036739823
0.043131539
0.042947238
0.042470406
0.044858617
0.041451432
0.041937692
0.042251439
0.042176421
0.33979030
0.060624244
0.061325275
0.060181888
0.061186417
0.056611804
0.052250174
0.055065523
0.052759677
0.048339394
0.039717983
0.040756708
0.038195307
0.037347330
0.042512288
0.038215269
0.27082010
0.048920560
0.039678051
0.039336673
0.038141439
0.17048087
0.077299102
0.066812330
0.064431194
0.13261043
0.099057026
0.066311738
0.065313513
0.065294815
0.075974139
0.065631325
0.070744222
0.059447947
0.059549169
0.060301756
0.062491611
0.059226575
0.060604126
0.062807308
0.057493262
0.058368140
0.057715011
0.052097004
0.061250670
0.059836836
0.060158488
0.059771412
0.059576989
0.055584442
0.053718464
0.059341004
0.056860994
0.056848922
0.061632500
0.060685993
0.051117663
0.050549085
0.050329366
0.051505423
0.061996524
0.061478136
0.058308182
0.061093111
0.052148891
0.050141539
0.051574618
0.050547579
0.049832357
0.10360705
0.057350244
0.063723438
0.10953974
0.049350617
0.049294912
0.048921935
0.048993472
0.091368735
0.082943696
0.053841610
0.071747565
0.071897630
0.083446605
0.084718290
0.075178381
0.49929795
0.093189545
0.051806028
0.19266385
0.066379984
0.072604646
0.062180232
0.080692202
0.25103997
0.051536080
0.13188285
0.055444308
0.060980702
0.080325358
0.087793032
0.098295660
0.057274859
0.051533390
0.051237488
0.051372856
0.069545832
0.076338568
0.060592763
0.089866383
0.12274610
0.075075156
0.088981204
0.089149763
0.092209953
0.073710072
0.093068872
0.096629523
0.098974658
0.096108118
0.10263317
0.082153712
0.080071263
0.084525771
0.085468558
0.16250341
0.070195915
0.067581329
0.058437089
0.096061389
0.083394890
0.083247711
0.081688858
0.075237108
0.062960536
0.047651303
0.047369219
0.16036396
0.040230741
0.053276277
0.063043223
0.054593138
0.069780255
0.052059319
0.040030642
0.040310802
0.040553009
0.059698707
0.060048289
0.036623285
0.048148620
0.036187341
0.036695739
0.036909536
0.067700525
0.037613196
0.053011192
0.062916987
0.061739201
0.060687737
0.060756689
0.057545590
0.048768848
0.042850770
0.067074206
0.066267531
0.036507738
0.065544046
0.067314191
0.040893747
0.059836365
0.051709690
0.044534168
0.036306392
0.066451220
0.045904675
0.058541104
0.036107300
0.036332711
0.037390579
0.058495931
0.061578290
0.064104578
0.061051154
0.041300705
0.041227711
0.049098100
0.048805475
0.065983806
0.15756859
0.061916983
0.060332786
0.037357924
0.040240002
0.044624240
0.036240761
0.16327923
0.17965846
0.054771318
0.058304386
0.090739735
0.062850534
0.057926832
0.063862159
0.052012611
0.051483042
0.18219884
0.060956245
0.057442078
0.054840287
0.052295963
0.051652900
0.054673718
0.054456821
0.054659703
0.054664394
0.066381722
0.060819356
0.060243363
0.060849864
0.060091820
0.052201597
0.045995152
0.046001504
0.065160456
0.064504987
0.082667178
0.093859719
0.089083021
0.081757729
0.055088593
0.10453049
0.058883082
0.090517041
0.10200657
0.10273848
0.10207789
0.058471111
0.081780680
0.080677029
0.10030909
0.081850940
0.066334036
0.073519324
0.22789193
0.085511792
0.10408188
0.39182292
0.066173155
0.078496458
0.065403388
0.082681164
0.081901889
0.088452968
0.088357710
0.086733930
0.077010165
0.077284081
0.081151839
0.065991529
0.10612248
0.10391435
0.10553569
0.079186220
0.092677496
0.079380026
0.079206507
0.078689380
0.27792133
0.074650531
0.084657343
0.092727283
0.093087319
0.072115223
0.074170043
0.076057788
0.077295947
0.072917112
0.071464417
0.093578364
0.075914742
0.077123773
0.076336446
0.068624157
0.065290764
0.058349427
0.060655079
0.058657541
0.054925583
0.054220690
0.052919199
0.061638981
0.061053603
0.058265559
0.062554260
0.056296484
0.056308005
0.059253717
0.057761463
0.060921926
0.056918037
0.060419193
0.060761799
0.061931786
0.060349135
0.055602806
0.058900900
0.055786155
0.043266688
0.044213175
0.058467754
0.055956008
0.059322248
0.056631933
0.055723946
0.054078813
0.052286509
0.051901351
0.065077524
0.054582073
0.063320636
0.063752075
0.060864329
0.067988276
0.060783659
0.063388875
0.063521083
0.060909249
0.061615735
0.060226641
0.060530730
0.059204646
0.063534361
0.059265571
0.061004396
0.060750279
0.045837683
0.051356209
0.056304870
0.052628515
0.057494710
0.055919070
0.054460956
0.056560138
0.042357210
0.057411635
0.058670032
0.061396091
0.060449820
0.058653051
0.059235270
0.056090729
0.058361839
0.060565933
0.059649322
0.048177624
0.048472767
0.058333680
0.060028595
0.058167175
0.054407221
0.043556928
0.044278092
0.067674877
0.058237952
0.053729602
0.054793873
0.053247127
0.054695068
0.052722176
0.051965277
0.055481469
0.054583108
0.055228757
0.045051259
0.044147227
0.055662505
0.087605042
0.081441992
0.35227827
0.071698089
0.073864891
0.073394101
0.065462665
0.080254328
0.089241608
0.36117256
0.067808495
0.10444387
0.062429624
0.22290036
0.10244199
0.098934304
0.10936591
0.10028129
0.11469399
0.10994360
0.069632095
0.077504868
0.078928345
0.086242240
0.086297552
0.071414336
0.081039957
0.098519179
0.081559242
0.11222388
0.091464751
0.091248447
0.092302337
0.076320831
0.076564426
0.074908296
0.075172231
0.076207767
0.073467357
0.059155231
0.064761456
0.10161215
0.10095937
0.053481451
0.085722333
0.093801604
0.092136875
0.087143504
0.092225523
0.079996855
0.052113082
0.056243368
0.054486248
0.057339023
0.054677523
0.056081698
0.054788553
0.055187764
0.066869066
0.055220130
0.058889920
0.056954602
0.059507843
0.045845365
0.051068204
0.057977169
0.060726548
0.054278040
0.064635028
0.056303061
0.056183362
0.057499823
0.059405330
0.059588559
0.054474911
0.065109119
0.063690990
0.048076608
0.060717929
0.056596955
0.051603190
0.053406261
0.054732157
0.053397230
0.045252987
0.048966158
0.058250411
0.058507206
0.058388136
0.051754988
0.049710767
0.044631034
0.051526034
0.043096701
0.046275236
0.051534043
0.050449773
0.051159093
0.050342673
0.057156405
0.059771482
0.058144229
0.057947892
0.060562241
0.058791138
0.048731434
0.052872705
0.054478335
0.057753300
0.058799003
0.059370407
0.046622751
0.052790142
0.060143445
0.057557288
0.058199718
0.056968681
0.056819107
0.052690020
0.051876931
0.058333311
0.051492461
0.054208304
0.068754568
0.069387813
0.058907353
0.038709152
0.053181618
0.058461796
0.059239670
0.055575983
0.067023439
0.068957220
0.038862121
0.055563485
0.064865457
0.089608542
0.057255158
0.047795610
0.054551827
0.055201297
0.056159117
0.069187067
0.063351879
0.056925813
0.056582614
0.22247337
0.056975786
0.053593166
0.056607822
0.059687395
0.058806863
0.037158543
0.049214361
0.057657385
0.046050370
0.040373274
0.060428357
0.041397512
0.040334645
0.050156410
0.036623910
0.049192526
0.13406525
0.041990701
0.039678446
0.047383897
0.047268304
0.037655198
0.037343825
0.050528685
0.047866140
0.050576655
0.049425462
0.042411311
0.041333219
0.063867658
0.065082216
0.051377911
0.047318199
0.037143133
0.046161389
0.044064431
0.046684804
0.055718284
0.044017807
0.045352077
0.054698803
0.053727212
0.054379135
0.053135927
0.054102556
0.067789874
0.040921933
0.20404737
0.036129470
0.040080176
0.065312506
0.037945506
0.036636809
0.037359924
0.037619184
0.037901840
0.042784677
0.037986798
0.036621918
0.037598529
0.037708599
0.036650990
0.036987539
0.041214507
0.036668355
0.050058287
0.048946649
0.038284546
0.038548447
0.037597490
0.036845442
0.036291122
0.036784966
0.049206927
0.050973015
0.050527813
0.049028291
0.050264009
0.037947726
0.038156763
0.036493317
0.037300517
0.038373781
0.038459380
0.038629443
0.037658905
0.036325313
0.036963902
0.036897506
0.036575746
0.042261786
0.037129545
0.049150473
0.038760467
0.037185528
0.040386416
0.039263091
0.046450035
0.046731806
0.045886838
0.036761862
0.056638716
0.053310483
0.051514996
0.099548915
0.095700044
0.10178924
0.038162135
0.042382104
0.041996328
0.040969561
0.040623145
0.060040336
0.042173113
0.038403108
0.082727233
0.078139543
0.047081717
0.037610844
0.037130799
0.042089457
0.053892718
0.053663377
0.059608508
0.051071711
0.052124794
0.037503457
0.044914217
0.038561627
0.036787557
0.052507087
0.053548903
0.051951932
0.050188750
0.053229057
0.038391853
0.051152638
0.037683743
0.037754915
0.038996693
0.037573306
0.047459929
0.061060327
0.062700050
0.047153773
0.048925206
0.040059162
0.050110920
0.048951407
0.053945768
0.053578936
0.052425595
0.039026550
0.10122608
0.053997939
0.037825605
0.042128709
0.038324827
0.054463003
0.056328882
0.052481068
0.057484295
0.056591322
0.052200383
0.049862950
0.050552419
0.056624185
0.061784913
0.055762522
0.052035468
0.054110996
0.037438065
0.079579279
0.042806252
0.043616212
0.039781721
0.038614397
0.036551515
0.036633285
0.036839162
0.042722075
0.096027677
0.055890423
0.049404478
0.050727017
0.036728014
0.036919693
0.036605307
0.042342693
0.042152166
0.056282135
0.11884807
0.044346507
0.045512700
0.040220125
0.071682832
0.044723088
0.11896880
0.045539799
0.042174086
0.044233182
0.044541210
0.050300531
0.050037179
0.10571430
0.054558060
0.043054931
0.12214879
0.10475510
0.055590717
0.038673803
0.042993347
0.043534045
0.050070108
0.056659137
0.12055042
0.10090553
0.11743113
0.054660443
0.050402610
0.11687142
0.042601492
0.038996667
0.039470849
0.039352392
0.037563657
0.050558063
0.043152838
0.043498229
0.043720351
0.042975339
0.040503691
0.038428770
0.057658119
0.036556371
0.041181926
0.040430184
0.039935813
0.044694736
0.044924406
0.045000723
0.044707901
0.051468482
0.039534335
0.049956423
0.038335555
0.037755948
0.036205804
0.042916552
0.044855361
0.050341502
0.089810963
0.048889585
0.047628482
0.048378976
0.038293879
0.057522189
0.036776559
0.036567187
0.059489958
0.056422193
0.044105081
0.037456503
0.051462899
0.043537331
0.044119200
0.060469262
0.060652506
0.050469404
0.051382242
0.049592021
0.051979345
0.045712556
0.041619279
0.045402938
0.057641094
0.078836443
0.085348947
0.076791197
0.086492714
0.072964687
0.070985967
0.071503822
0.073618925
0.071944868
0.066439999
0.093181128
0.34085394
0.072321394
0.074567840
0.074877399
0.046128021
0.076605387
0.087132605
0.067622588
0.036797449
0.036319540
0.057826905
0.058565351
0.060356994
0.060361081
0.048456759
0.035948355
0.036253646
0.036494422
0.036454280
0.036500136
0.063639397
0.063718908
0.066152467
0.037298371
0.043636063
0.078866468
0.079459194
0.052706011
0.049085772
0.075766375
0.074675397
0.060368753
0.060469479
0.036734677
0.046968258
0.055114774
0.047400351
0.054907422
0.053720142
0.054704870
0.036266600
0.064550007
0.037299032
0.037918178
0.037078710
0.036424055
0.036220215
0.036597952
0.036571395
0.036932473
0.037039960
0.036079925
0.037264447
0.062642034
0.041925457
0.058204116
0.044611799
0.037374490
0.038160251
0.080878308
0.077099568
0.079814461
0.048740926
0.072222381
0.073893461
0.069702706
0.058895969
0.043201124
0.036354857
0.036398017
0.036013122
0.036300805
0.035888640
0.036293496
0.059428875
0.036973966
0.053927357
0.062527002
0.038091693
0.037351170
0.037483626
0.037912974
0.044601358
0.065738328
0.050865474
0.046982104
0.059871633
0.037260324
0.057742349
0.044838151
0.063459560
0.045612007
0.037942816
0.056944939
0.054172748
0.059089963
0.10073576
0.040485549
0.044753728
0.037507533
0.053857114
0.054956348
0.036424664
0.036051603
0.036268131
0.036925553
0.036226483
0.036662802
0.063082770
0.061806580
0.063186701
0.068042873
0.069601544
0.058983946
0.073114897
0.071918541
0.062256425
0.062429455
0.059457957
0.059914146
0.070091716
0.063399126
0.073628427
0.075282623
0.073444581
0.061696091
0.080481200
0.060945123
0.056172359
0.057259478
0.075884025
0.074830448
0.061295638
0.057920162
0.074243242
0.060850362
0.044482194
0.062789657
0.063710791
0.073021008
0.13013741
0.074436383
0.058266431
0.059754278
0.061489228
0.062585526
0.062721380
0.065041116
0.065091524
0.055096296
0.060159690
0.074925962
0.083494708
0.062464919
0.064673917
0.067261697
0.091024020
0.092149514
0.091581460
0.088724403
0.083689996
0.084173136
0.086484812
0.072304249
0.085367105
0.082759204
0.087762726
0.071033098
0.10919390
0.069262205
0.063572131
0.066938993
0.054067225
0.10269146
0.11779512
0.11726996
0.12648258
0.11961235
0.070280814
0.095629687
0.12299437
0.090345523
0.070914969
0.070588267
0.070948412
0.069811392
0.066145831
0.077609846
0.071816108
0.088347380
0.078550842
0.078713466
0.072047216
0.072904257
0.044206651
0.073103854
0.057537569
0.059781173
0.061602012
0.057646240
0.042977083
0.059826764
0.061227666
0.066243632
0.099765614
0.058244028
0.056957988
0.057048526
0.079388850
0.056980600
0.058928962
0.059850180
0.061355256
0.074182883
0.051286012
0.056177202
0.093329848
0.075563165
0.072623961
0.068723656
0.058620592
0.060170505
0.060988637
0.062798220
0.060368566
0.060291349
0.072668811
0.088196668
0.090602159
0.076180373
0.081661836
0.070439581
0.058259785
0.088916095
0.093275629
0.091230779
0.059413251
0.061374518
0.059586919
0.059713243
0.053874407
0.073294301
0.091736874
0.089674955
0.056123317
0.058609607
0.067026931
0.058287200
0.049553066
0.049819290
0.050102263
0.065494485
0.073289660
0.073959101
0.045255123
0.058385142
0.081001882
0.063356771
0.064196929
0.073388379
0.071273838
0.066306228
0.074630768
0.11616848
0.074522886
0.075632603
0.072219217
0.074344223
0.15584730
0.066422148
0.070779188
0.074400541
0.076956084
0.089752559
0.073626353
0.24515994
0.065045065
0.092501023
0.082533434
0.17029044
0.061403239
0.057269562
0.079089030
0.081055750
0.092960617
0.090954261
0.082532049
0.090080936
0.086685913
0.078107932
0.063886658
0.066675635
0.083431050
0.080638230
0.081932237
0.088106186
0.070530263
0.069815901
0.072012721
0.068284350
0.062066313
0.061459522
0.086800816
0.063019338
0.066868309
0.066269241
0.10437737
0.083421073
0.078613325
0.077723451
0.073799836
0.057906764
0.072188020
0.043838833
0.12375829
0.061814251
0.069215886
0.069101985
0.12309054
0.074524638
0.11886366
0.082360316
0.059215255
0.059427352
0.064007873
0.13450572
0.13468071
0.085603932
0.067046964
0.084685383
0.066833180
0.088975169
0.090415039
0.086646197
0.082853670
0.083888528
0.081680641
0.080370063
0.065921791
0.067136343
0.072691642
0.073676257
0.074938021
0.10339620
0.068258743
0.068718386
0.066715208
0.066956423
0.084027441
0.059734182
0.076801976
0.066441674
0.082241818
0.062428827
0.068329424
0.061022784
0.066733306
0.074291556
0.079764704
0.21882962
0.076438855
0.077686969
0.071973007
0.063201567
0.077171219
0.077486051
0.070056758
0.079326017
0.058902461
0.052365540
0.075039113
0.074554883
0.074941376
0.072502615
0.071752494
0.071816919
0.075127782
0.070646703
0.073252934
0.075072027
0.075531757
0.063397715
0.063438483
0.064372224
0.066775219
0.067615904
0.091192712
0.093614518
0.059903020
0.10187967
0.072413315
0.058376935
0.073670859
0.067694386
0.043343673
0.074597077
0.062362394
0.074165974
0.066029961
0.076580114
0.075522281
0.065691971
0.058779486
0.057909729
0.066724505
0.056516809
0.074676746
0.074974836
0.055370200
0.061141309
0.065151465
0.060033779
0.062882012
0.060910057
0.067635756
0.080901916
0.089189436
0.082031554
0.068131407
0.080128865
0.060651144
0.062047405
0.11816887
0.080299914
0.082410757
0.084052736
0.091860893
0.090565514
0.083867045
0.066730043
0.068008813
0.073118719
0.073869593
0.062810303
0.081129427
0.093888139
0.095471763
0.094881263
0.083385367
0.065142313
0.086690942
0.088702257
0.066358807
0.065781278
0.070358519
0.085367696
0.082180090
0.083015345
0.11773782
0.074330757
0.10021117
0.069306155
0.070626949
0.061892692
0.062181585
0.069158235
0.061255129
0.063433060
0.065095440
0.063921828
0.064929294
0.064244837
0.055180578
0.055295747
0.11880517
0.065450684
0.10179717
0.10661343
0.10802828
0.061240914
0.061200225
0.065002296
0.078531141
0.15309794
0.052002632
0.088013461
0.058185726
0.060395237
0.043344602
0.061926008
0.055067579
0.055474571
0.069784674
0.068175951
0.078966319
0.18972838
0.056495191
0.069099417
0.090975609
0.041472845
0.079164527
0.055547438
0.041634605
0.061299769
0.075327231
0.064389024
0.052454025
0.075874250
0.069958701
0.074853319
0.075629460
0.065036827
0.10480608
0.072117836
0.10699486
0.10829869
0.072874956
0.054855542
0.055667342
0.067318130
0.071165225
0.060215665
0.068024299
0.10918252
0.058397263
0.073590429
0.074529685
0.064392378
0.10370427
0.091323402
0.092918771
0.089753079
0.11149593
0.26373630
0.063803729
0.057817138
0.061531576
0.065888242
0.059136040
0.061280196
0.065896840
0.058681685
0.056621422
0.060010747
0.068243881
0.070352551
0.064534443
0.060363309
0.062706830
0.062236430
0.062232291
0.068684535
0.056872925
0.060865132
0.071761526
0.071542033
0.070630115
0.069922678
0.23496637
0.097365785
0.059610001
0.055711411
0.062768428
0.089979875
0.064526957
0.082806048
0.081768454
0.062133102
0.063678672
0.064948811
0.064775140
0.063544808
0.067335879
0.063813291
0.069249502
0.15529313
0.063061503
0.061357934
0.061240545
0.063150063
0.072452823
0.073156280
0.053423714
0.069897127
0.058369378
0.052517272
0.043923215
0.063777047
0.065518783
0.11947556
0.074723570
0.065623230
0.064269007
0.066454732
0.063399349
0.064693683
0.072644067
0.071999794
0.064889515
0.058895274
0.056011153
0.18533393
0.062278084
0.047462008
0.052634578
0.10786138
0.11569704
0.11988707
0.065776942
0.077218612
0.21543721
0.089560321
0.064208048
0.064619065
0.070061458
0.070397057
0.072447199
0.069569770
0.070164721
0.070461812
0.070770608
0.072546710
0.069157083
0.059541588
0.071342288
0.058546885
0.055609801
0.055654698
0.053971340
0.061167376
0.059739254
0.060655422
0.065626307
0.052978730
0.062164609
0.059741879
0.12101084
0.076521795
0.093298241
0.080296051
0.073302776
0.069941578
0.070909329
0.071339121
0.071628237
0.13432327
0.066500568
0.063152825
0.10408511
0.074337257
0.046453971
0.098784571
0.045321605
0.049415185
0.049329291
0.049794908
0.050809435
0.33502215
0.061744966
0.043965251
0.042325335
0.041071396
0.042653473
0.040792192
0.049060239
0.048399880
0.039464770
0.041241913
0.047931957
0.042613273
0.050798501
0.040064681
0.039415886
0.039028754
0.048509498
0.048953732
0.046611687
0.097393786
0.038025852
0.050163708
0.042954427
0.044683012
0.046830059
0.046490596
0.046320684
0.066839406
0.048649034
0.049200498
0.045517545
0.045030863
0.045847616
0.051014385
0.043713469
0.045412652
0.045282940
0.096566239
0.049627846
0.038159549
0.039544744
0.040197715
0.037927034
0.067535926
0.048537932
0.042760603
0.043058054
0.061375116
0.043469915
0.042496250
0.091595488
0.091761533
0.094274502
0.11751776
0.074711543
0.094884213
0.092837573
0.095683555
0.092081640
0.098611431
0.094301566
0.074470638
0.095494072
0.095693856
0.073793597
0.076097960
0.083130550
0.083566753
0.076905952
0.080306686
0.082477879
0.070581356
0.094849800
0.072079553
0.082601030
0.24392825
0.092958922
0.084395967
0.099512231
0.098001589
0.092517641
0.080786793
0.087188424
0.092705829
0.054129609
0.042056457
0.071298724
0.048977584
0.040125955
0.038098307
0.037605432
0.069712233
0.043380492
0.044455952
0.071708049
0.041711416
0.041959052
0.047413462
0.075352479
0.038829055
0.044966764
0.045019599
0.049700975
0.051366248
0.043342989
0.037953882
0.069736547
0.038104647
0.045180608
0.049696377
0.048141728
0.049549117
0.099407100
0.049863816
0.037284601
0.040843146
0.044254483
0.044307734
0.045053794
0.049855718
0.037402170
0.067708940
0.068762601
0.064254269
0.055893553
0.052151831
0.042629115
0.040165003
0.039186084
0.038992971
0.038460092
0.045460331
0.037217283
0.042716153
0.040342487
0.040423114
0.040290298
0.065545899
0.040075328
0.039308431
0.041267979
0.036470590
0.044001565
0.040518179
0.045675078
0.067973774
0.068414122
0.067547394
0.067391800
0.040630274
0.040475953
0.052628302
0.060614393
0.055673062
0.062972362
0.063471574
0.042663148
0.042265349
0.046585007
0.046230705
0.044397456
0.15690637
0.039942804
0.039993413
0.069705761
0.039132361
0.040421159
0.057967611
0.049984469
0.065086602
0.038665096
0.042224966
0.071490406
0.040169232
0.066702225
0.043800278
0.35824813
0.18529399
0.044144895
0.045449319
0.069611352
0.068268141
0.042399350
0.040577243
0.053742943
0.054955164
0.054467648
0.055870398
0.057209299
0.057836571
0.057394360
0.058624155
0.050302759
0.044274329
0.039095395
0.043041396
0.039256093
0.038554599
0.038887487
0.042127145
0.039866940
0.038444405
0.069428518
0.13923359
0.065674967
0.043030318
0.060259216
0.055192330
0.069934126
0.070132514
0.056416519
0.13949334
0.073646559
0.086874167
0.057634124
0.087047372
0.081644258
0.063575110
0.062134148
0.065299413
0.064368045
0.061346486
0.063551306
0.057022042
0.064492910
0.066469922
0.065889186
0.060446833
0.065763506
0.064463105
0.067790733
0.061850234
0.058307667
0.062460948
0.057406611
0.064495660
0.062565296
0.066173732
0.063722763
0.065982316
0.065013019
0.066106023
0.060602247
0.070544833
0.060032452
0.054945255
0.062252268
0.059201637
0.064023646
0.062596487
0.055243134
0.056311234
0.055100904
0.44100679
0.058618366
0.072666330
0.072764139
0.073014251
0.065514554
0.063610405
0.063060530
0.070244101
0.072289556
0.092343989
0.095649985
0.081634235
0.081902398
0.070391292
0.067213502
0.067539735
0.063179548
0.064260788
0.082294655
0.095938471
0.067538197
0.089256854
0.078430856
0.066925917
0.078170131
0.077127500
0.083154718
0.076740808
0.077288855
0.077838540
0.078629173
0.079080731
0.076403659
0.078378627
0.076269793
0.077754387
0.10666815
0.085155550
0.43324484
0.12898250
0.063372474
0.070890610
0.078026147
0.14218194
0.090232588
0.088899891
0.063180722
0.068068131
0.11249120
0.063574679
0.13690906
0.073937999
0.082739008
0.071088053
0.11439795
0.12090943
0.12168359
0.12184357
0.083449669
0.063899744
0.075712432
0.076226065
0.075692010
0.074284922
0.073709260
0.074632316
0.082616459
0.072481253
0.063264960
0.087420247
0.083045190
0.063320075
0.078136776
0.078394343
0.066853797
0.066555000
0.071889524
0.082317535
0.071415190
0.078274914
0.13684953
0.077456910
0.069909945
0.077348222
0.075312335
0.075998325
0.074676408
0.077980115
0.075826650
0.077110335
0.095649644
0.072070158
0.069956297
0.070070018
0.070993076
0.071080623
0.075175687
0.081203674
0.086223904
0.086743141
0.082897784
0.062833057
0.062989802
0.063083923
0.053800555
0.052494460
0.10081721
0.053464754
0.053304430
0.054730686
0.053586809
0.052647622
0.054532223
0.053936012
0.057636457
0.062094789
0.055984646
0.053257328
0.058577981
0.051434224
0.049878852
0.049771164
0.055799855
0.053371358
0.053517255
0.051739697
0.056686179
0.055040640
0.049512360
0.057165665
0.052227788
0.058158763
0.050063982
0.066750109
0.065836404
0.057562991
0.057168924
0.097971780
0.052347775
0.075049271
0.075037232
0.075266649
0.074470604
0.076019520
0.077394315
0.055105043
0.054021167
0.057857655
0.047692853
0.050260467
0.053608282
0.048979109
0.076455854
0.28198559
0.079609173
0.053233119
0.053293966
0.054178262
0.060764176
0.057113849
0.056357413
0.056510355
0.055408017
0.050803684
0.055791296
0.055298774
0.052298143
0.053342248
0.10475139
0.10578536
0.053555116
0.053553434
0.056564849
0.064976251
0.055045580
0.099104485
0.054649620
0.057749514
0.057073694
0.054654099
0.058152322
0.054585727
0.065348060
0.067456493
0.055292260
0.051435041
0.050329492
0.050832442
0.051411152
0.055219481
0.051906166
0.049993168
0.053894164
0.052854516
0.072549917
0.072930132
0.071921247
0.084733506
0.076963053
0.061466822
0.077076850
0.076700962
0.056875587
0.062116974
0.062373973
0.068424506
0.043857718
0.044113526
0.043871509
0.050387841
0.042849520
0.078734051
0.078283407
0.080456977
0.052556867
0.098592582
0.094748460
0.051920970
0.053708884
0.054848994
0.053145590
0.055721688
0.049838911
0.046514855
0.046839818
0.047793272
0.053022679
0.052532243
0.052680447
0.049647682
0.050974681
0.065823150
0.050957814
0.051495202
0.051187481
0.053707009
0.052127343
0.051411080
0.048027845
0.054077535
0.051041724
0.046495642
0.052059896
0.10825469
0.066074861
0.051922339
0.054494474
0.051731193
0.054123468
0.054146517
0.055200501
0.050886111
0.051523029
0.049684050
0.046652317
0.057612865
0.057908551
0.046165519
0.052793866
0.046688019
0.055992353
0.050855908
0.052109225
0.059445115
0.055041397
0.053269776
0.055004956
0.058696180
0.052855492
0.042752130
0.066141079
0.052090085
0.051844382
0.052136943
0.053507659
0.052866065
0.055854468
0.056074181
0.057282806
0.051467308
0.054108678
0.054731105
0.053558226
0.056015854
0.058286443
0.054218921
0.055038525
0.055965593
0.055662856
0.056492518
0.054813761
0.055337598
0.071506377
0.057886252
0.052833887
0.053545760
0.066453679
0.065060635
0.070650844
0.053646502
0.070633928
0.048446310
0.048950970
0.047434335
0.054530925
0.055325887
0.058255360
0.059170241
0.054064319
0.052343942
0.084523899
0.064730352
0.058106675
0.053128929
0.048109012
0.048090002
0.047730296
0.053419943
0.053512323
0.047679311
0.054734095
0.058822567
0.058157219
0.056662883
0.054651807
0.055800836
0.060486062
0.058920303
0.058094843
0.049585186
0.056568081
0.060441003
0.062625995
0.060456124
0.051849891
0.057107218
0.053933713
0.052150761
0.11559181
0.19714723
0.058759397
0.058997273
0.057007624
0.059750935
0.058549371
0.054463231
0.053991880
0.056301408
0.054969381
0.060613954
0.054292356
0.067073206
0.056357738
0.060232796
0.057587655
0.049400114
0.067368582
0.061852847
0.065615247
0.054356697
0.069535725
0.064083406
0.067244121
0.052154857
0.056765428
0.049914051
0.057007326
0.053867807
0.058680090
0.060693011
0.063107433
0.062289073
0.055250146
0.053067285
0.058323334
0.051721274
0.049853148
0.057670963
0.056210097
0.044912540
0.043760668
0.097984360
0.079108952
0.081910648
0.067619706
0.059886498
0.059794395
0.056693273
0.054577136
0.054400444
0.058943169
0.062063691
0.061219979
0.048037630
0.054715200
0.063883503
0.069143973
0.067372397
0.057903005
0.059464851
0.059976024
0.061748441
0.060994816
0.052135567
0.057892207
0.055844418
0.054638163
0.055699494
0.045050141
0.046564992
0.047309588
0.082523959
0.083073544
0.062859242
0.053953492
0.054529026
0.057288932
0.056471325
0.058028609
0.058216572
0.056689828
0.054661429
0.053873596
0.061538155
0.049810987
0.053823108
0.059011015
0.060042124
0.059703543
0.055281416
0.062836527
0.059540199
0.054437431
0.058502198
0.063855665
0.056468142
0.055549159
0.058265349
0.056539008
0.056138022
0.055560871
0.061984191
0.062152537
0.059759864
0.057097781
0.058084602
0.058110707
0.055804980
0.051963638
0.044085849
0.045294393
0.045018450
0.047260089
0.048253593
0.050018535
0.049488811
0.044329891
0.048641563
0.049440433
0.051818035
0.054893601
0.057119422
0.071451077
0.052570230
0.054485377
0.054310829
0.053889176
0.051075579
0.068628335
0.052429320
0.055011587
0.059613600
0.053179463
0.051190041
0.062783968
0.054127051
0.054234370
0.053464234
0.052458653
0.044887476
0.053086343
0.056508241
0.067142732
0.047904848
0.048393442
0.047742586
0.057218249
0.057516392
0.054589341
0.060718685
0.060914756
0.054645243
0.055905881
0.052102930
0.061549759
0.060124607
0.067397045
0.062180401
0.055740009
0.058542021
0.054843526
0.060270401
0.056855722
0.049010973
0.065959838
0.058563741
0.064616094
0.057352870
0.049355872
0.050265271
0.054550775
0.054070033
0.055012884
0.060945730
0.056076690
0.053843628
0.057011417
0.054665516
0.056402170
0.056481500
0.063010611
0.057693474
0.057947183
0.062024956
0.061228254
0.064351972
0.052707062
0.060706117
0.053372310
0.062190988
0.059221472
0.057515618
0.059070606
0.056150276
0.058403588
0.042525570
0.075514885
0.037252839
0.042185810
0.036890100
0.035999441
0.037075081
0.050532745
0.050144514
0.048920569
0.050990425
0.048182751
0.047570093
0.036636627
0.076461777
0.072321914
0.069064086
0.048057297
0.087793815
0.052015734
0.071690883
0.21144842
0.077614991
0.060520760
0.063083259
0.064740751
0.076790203
0.065355792
0.052476921
0.070389876
0.060799591
0.075037219
0.10613347
0.048047804
0.048837129
0.046172755
0.049770792
0.047313090
0.042119939
0.051161624
0.12423209
0.054939218
0.074665434
0.043825676
0.039778794
0.21357476
0.066796959
0.070274688
0.040271564
0.065312690
0.040848414
0.040769012
0.040686433
0.041036176
0.087212750
0.058291245
0.058828124
0.056966681
0.057982703
0.38179127
0.051040016
0.038503850
0.044622921
0.039586214
0.040155223
0.040004633
0.061058159
0.055687035
0.061664299
0.062444039
0.056405364
0.042883787
0.044288207
0.041075008
0.041086339
0.041123216
0.040846672
0.039722311
0.038952005
0.039910196
0.039044306
0.038575371
0.047640022
0.048806141
0.048422043
0.066430843
0.040190771
0.071148752
0.043625973
0.039753870
0.039062573
0.045872487
0.052294836
0.065827963
0.059402846
0.039551728
0.042244639
0.038507907
0.040066002
0.039645722
0.067858905
0.061170417
0.042407573
0.040034830
0.041261755
0.067641170
0.054191635
0.042233910
0.038007211
0.043117408
0.036699798
0.054965432
0.036647540
0.043853631
0.19251042
0.072956772
0.076700679
0.076600984
0.074997487
0.075928900
0.076249263
0.073974981
0.079398325
0.072759110
0.053797807
0.079998361
0.080401914
0.076380141
0.078493909
0.058619244
0.056401622
0.058934549
0.067970689
0.079048287
0.077906371
0.079615722
0.061563921
0.062261291
0.059876840
0.060021612
0.061837895
0.057231379
0.058087255
0.062943367
0.063586922
0.079276495
0.076583006
0.081369257
0.067057014
0.080581216
0.054305451
0.055154841
0.080821074
0.078637695
0.060975832
0.060470964
0.058525130
0.080763755
0.054420859
0.084050856
0.072754123
0.077356177
0.078999560
0.079347725
0.079502915
0.079417151
0.058371910
0.060165664
0.059380855
0.071054156
0.071774247
0.091538576
0.060504357
0.062294009
0.040919573
0.062708357
0.043954687
0.043920804
0.039416346
0.066162262
0.047715173
0.049518028
0.044992004
0.044435911
0.045449777
0.047702543
0.061961476
0.044942606
0.048216024
0.074186906
0.046154217
0.11765076
0.049676057
0.076196684
0.075339891
0.043432637
0.042866111
0.044039982
0.043220939
0.043982382
0.043352647
0.046271475
0.043827708
0.044410284
0.050844946
0.065444438
0.066341343
0.050671399
0.043700967
0.063319798
0.073047457
0.043384235
0.044169393
0.043745730
0.043946806
0.038442358
0.062431749
0.085351888
0.075037957
0.076970184
0.099596964
0.076380933
0.21338253
0.062692925
0.071395359
0.073460722
0.051355807
0.077419805
0.087542720
0.079464519
0.060190875
0.061002537
0.042036685
0.064390263
0.061386314
0.073364888
0.051638329
0.050935869
0.055022699
0.078412148
0.064683796
0.062340854
0.049272871
0.069210353
0.058541872
0.062872029
0.060860577
0.063649878
0.054808205
0.078709938
0.073561265
0.076253736
0.072739798
0.083449837
0.048065532
0.081214921
0.052554929
0.072098357
0.072727918
0.045407492
0.18708503
0.047629929
0.047448539
0.073308158
0.047361051
0.045475790
0.045429055
0.043940004
0.050570578
0.046787905
0.048317252
0.045518869
0.073420217
0.073642809
0.13459014
0.049939542
0.046794974
0.060000455
0.059349053
0.040912288
0.047689128
0.045622097
0.060912967
0.046014227
0.043421984
0.057043617
0.045722536
0.12449269
0.12798359
0.040864677
0.058884769
0.046839578
0.054441103
0.041197245
0.038243604
0.047467376
0.045489502
0.069087590
0.069870019
0.14410081
0.043952403
0.043004924
0.045259859
0.043119389
0.046333080
0.042243435
0.044006355
0.046671686
0.046636891
0.045965172
0.068601668
0.047340594
0.046040540
0.045758886
0.044847500
0.045154064
0.044388287
0.043428377
0.044063611
0.044544650
0.043956827
0.045598507
0.042867463
0.043631169
0.044880258
0.047829507
0.063095298
0.061474560
0.043957982
0.043830134
0.046062783
0.045231377
0.044032021
0.049969719
0.060374341
0.040054297
0.040611490
0.042773002
0.061647285
0.074389643
0.045112826
0.047558270
0.13614523
0.050167416
0.049859618
0.041990442
0.038956104
0.039842156
0.040028548
0.044701507
0.062630270
0.053065299
0.076097796
0.055075235
0.061067660
0.064231176
0.049427832
0.061160543
0.054940678
0.062151355
0.059585716
0.042697030
0.083980947
0.081798008
0.074320537
0.10120054
0.10411278
0.055063396
0.052469664
0.059872017
0.066220108
0.068434648
0.052198146
0.068565682
0.047725047
0.047572149
0.047549982
0.047308793
0.047690169
0.061944061
0.060551189
0.062752686
0.062351681
0.063811314
0.063524658
0.057533950
0.070550801
0.071344850
0.069201121
0.078458906
0.079867325
0.049274481
0.059713703
0.070781448
0.069572038
0.070058943
0.074947523
0.079152701
0.077157511
0.079585637
0.082262859
0.078616347
0.080498150
0.077145617
0.075971475
0.069237436
0.078078201
0.074494709
0.081220801
0.075316882
0.093964833
0.071225585
0.076488560
0.076434021
0.072861762
0.053820101
0.082671473
0.082926389
0.076354760
0.077159978
0.071091027
0.076140418
0.074959155
0.12512458
0.067034429
0.055468864
0.072306585
0.057902702
0.067452533
0.060458678
0.080220574
0.080088912
0.057118409
0.067066607
0.067204452
0.062217354
0.062113124
0.072645394
0.063944561
0.083834041
0.079706716
0.058805608
0.074169260
0.054060967
0.088155405
0.063682102
0.059479340
0.054091994
0.069544656
0.098285091
0.057948508
0.057336111
0.056862352
0.055046639
0.054001184
0.053400679
0.065015306
0.057572919
0.074858596
0.074020136
0.053848629
0.059553350
0.051952022
0.051226980
0.052370827
0.052159122
0.051602544
0.079986287
0.080427532
0.063066600
0.056143838
0.077848533
0.090212122
0.088026187
0.084216511
0.082594998
0.085960697
0.065777046
0.066955803
0.10166945
0.053756431
0.080970403
0.062126529
0.063856571
0.076368309
0.091553417
0.053647826
0.078871606
0.060915527
0.054495048
0.078854285
0.069616959
0.068746000
0.053235934
0.057309308
0.079517150
0.059374401
0.060147970
0.081380929
0.063999023
0.064341287
0.066901502
0.068536153
0.084061820
0.053316396
0.053823531
0.053369752
0.077772456
0.089341584
0.060290349
0.061345334
0.076718927
0.067484100
0.065068778
0.097845202
0.093091378
0.051666511
0.049455104
0.058633261
0.068599670
0.070508176
0.073270827
0.053839458
0.070493809
0.070487487
0.070451911
0.057641977
0.059068669
0.047189046
0.060618389
0.059889211
0.058317957
0.049020193
0.047294977
0.048764384
0.048704939
0.048602946
0.060751962
0.10324264
0.077814721
0.058850296
0.049770347
0.049982962
0.050838012
0.069924138
0.066959059
0.061230215
0.060586250
0.061196488
0.057920766
0.078259697
0.051431714
0.050771302
0.050001574
0.049764305
0.076010700
0.067039517
0.071239499
0.077830927
0.068206731
0.062868359
0.061419326
0.045832334
0.078984094
0.080228567
0.070291871
0.070533936
0.060957124
0.079913204
0.060286334
0.071651527
0.071194246
0.070315807
0.072605250
0.072877680
0.075583622
0.099617047
0.053195125
0.052943887
0.079957623
0.077037044
0.077867027
0.083482627
0.070964042
0.077939245
0.078230940
0.060253800
0.10544321
0.062241228
0.072605761
0.077633162
0.075300520
0.069061585
0.071176810
0.069983330
0.077430918
0.068319009
0.062821301
0.077740700
0.088930812
0.075663851
0.077532142
0.077633835
0.070263158
0.076344798
0.068601066
0.065980916
0.067121899
0.077331752
0.079700838
0.055099918
0.051859714
0.057528234
0.059131332
0.054082652
0.056509260
0.053128697
0.060409563
0.054892553
0.055912458
0.046249313
0.048834614
0.049266539
0.048381924
0.057931691
0.068588240
0.051532158
0.050729687
0.050932445
0.050686406
0.053779074
0.053161981
0.051976149
0.053597466
0.052024509
0.056953742
0.052306156
0.049025124
0.044495975
0.053558170
0.088926063
0.074767172
0.053044862
0.053781764
0.054166181
0.052813434
0.057912240
0.054559389
0.055140112
0.054885115
0.051372894
0.055456406
0.051924911
0.054127708
0.066096565
0.081463823
0.080892584
0.070650804
0.28879958
0.082160672
0.071228315
0.056378703
0.053908274
0.051038851
0.052240169
0.055273749
0.053956800
0.053187988
0.058758638
0.056428995
0.053508737
0.050935305
0.053843625
0.052075199
0.060174092
0.058053540
0.058058074
0.043634737
0.052363385
0.053198548
0.043419476
0.043557057
0.065421367
0.060337061
0.059984343
0.059580537
0.057410508
0.055406252
0.055260923
0.053222655
0.053587454
0.053335312
0.053690376
0.057127014
0.055413140
0.055586894
0.060559823
0.057565778
0.055297184
0.060024192
0.051580529
0.049098602
0.044507606
0.10760175
0.37492122
0.060996918
0.060856790
0.070438360
0.056480083
0.056138257
0.056592559
0.056184998
0.056666090
0.057214181
0.068748187
0.054666592
0.057131283
0.049949435
0.055028253
0.061793507
0.059886034
0.056357765
0.054597847
0.054143873
0.14802560
0.079824232
0.056139614
0.055965041
0.28517130
0.15347676
0.15587615
0.15983091
0.15494042
0.074974722
0.094628901
0.068665575
0.28445040
0.15359878
0.099654765
0.10172952
0.068264769
0.078691171
0.35981463
0.15146540
0.14318124
0.072053853
0.089006162
0.064752997
0.082835511
0.25377016
0.078580700
0.067203347
0.073420847
0.070468097
0.33426492
0.062595217
0.23671437
0.082029597
0.17800116
0.17387263
0.17603636
0.092078153
0.090662406
0.067603690
0.082378088
0.069440506
0.073748393
0.070582982
0.070945243
0.071355216
0.070530511
0.066192990
0.35339618
0.070250842
0.062241847
0.083835435
0.069863601
0.054366799
0.097973510
0.063150830
0.060582222
0.079684673
0.080125669
0.080683242
0.055851086
0.055099651
0.066453840
0.064973676
0.063952881
0.067530624
0.055955149
0.053398215
0.10677227
0.062866585
0.50752023
0.068707206
0.067540509
0.066087645
0.065471362
0.062736132
0.067529202
0.066993991
0.069150929
0.067630093
0.066643224
0.065917836
0.063858971
0.080645230
0.082029983
0.083140330
0.057430101
0.056479267
0.082126736
0.069609798
0.069003465
0.070032657
0.068357188
0.064436473
0.064540406
0.097041471
0.10999005
0.065420226
0.069101807
0.080935644
0.056631679
0.066353863
0.056386773
0.053324443
0.060792971
0.054292651
0.10956181
0.067513963
0.070238004
0.071279253
0.070729709
0.075529157
0.074993421
0.053119930
0.052449542
0.26749635
0.059906208
0.045689906
0.051382220
0.049428597
0.042693420
0.047663049
0.048120165
0.047571256
0.046630623
0.059671991
0.057470175
0.048613875
0.037592548
0.041942881
0.038295175
0.044912185
0.043183569
0.037802004
0.043084930
0.046878879
0.064990590
0.044839286
0.054924256
0.058727599
0.058623291
0.039870491
0.066964484
0.26326850
0.052821324
0.037505494
0.039763387
0.049622856
0.17545992
0.040512099
0.041698060
0.056616044
0.056784474
0.041383419
0.041326975
0.040571123
0.056547256
0.051172938
0.056530826
0.041491503
0.041934764
0.058750911
0.061961315
0.19229184
0.055128134
0.071002072
0.18172004
0.046376329
0.045141707
0.045101615
0.061316681
0.064813665
0.060877131
0.065509021
0.061886568
0.062079778
0.058331653
0.057518649
0.057359662
0.068000508
0.065516750
0.037503765
0.059053245
0.061591210
0.062267713
0.039370657
0.058681018
0.055779887
0.056270460
0.038279400
0.067312149
0.057213506
0.057223700
0.057651449
0.076608183
0.076212345
0.076878157
0.080088457
0.059691013
0.051990625
0.052444049
0.049560340
0.050248454
0.049503819
0.053421377
0.050829085
0.051582171
0.051678841
0.050565156
0.053525255
0.051471663
0.052422093
0.050215452
0.051849006
0.050346914
0.052365808
0.066930264
0.087645832
0.056386925
0.053330197
0.050162653
0.097309675
0.052250435
0.051884018
0.052236311
0.052925785
0.076962925
0.077998357
0.054039837
0.068685249
0.37911754
0.097198824
0.056309213
0.075544649
0.053376764
0.066813096
0.054033558
0.069175293
0.11975479
0.054544348
0.062601714
0.076299331
0.062068603
0.082021633
0.054119517
0.054492289
0.20719634
0.069723181
0.087858402
0.050402183
0.064058595
0.052310106
0.081072732
0.071857848
0.053694734
0.057630019
0.060330402
0.059853301
0.060190358
0.059951489
0.052739968
0.074854135
0.084749009
0.079737784
0.073939996
0.057906028
0.055487581
0.054589116
0.054602076
0.054490714
0.054228821
0.22096281
0.057691704
0.077062280
0.055682935
0.053381978
0.051495067
0.051071087
0.050908865
0.050647077
0.049983361
0.067545396
0.062193787
0.066837641
0.067386235
0.21429196
0.074711410
0.074232261
0.049399780
0.048713093
0.050750936
0.078581215
0.051203173
0.050498619
0.050247687
0.049489134
0.052654733
0.051636916
0.052344903
0.067738679
0.066684300
0.076406886
0.054460239
0.054267345
0.054506621
0.052442783
0.061843018
0.048806445
0.050481466
0.082870917
0.055299252
0.060694612
0.052495446
0.054183004
0.095136933
0.093491827
0.097842655
0.11062870
0.077338902
0.049692501
0.063180719
0.089154509
0.078131448
0.080161000
0.050554503
0.053747968
0.068603466
0.070833046
0.061509720
0.044916197
0.052705443
0.053809485
0.079090633
0.080250240
0.082739223
0.072184538
0.073108305
0.075047647
0.074468739
0.076890221
0.052058598
0.057766424
0.081806811
0.058392667
0.057941937
0.053911056
0.054532932
0.069212586
0.055307004
0.056818601
0.095486578
0.062509922
0.044970627
0.076785462
0.051320582
0.051145455
0.055631615
0.075919174
0.051730133
0.051423073
0.057885411
0.10065838
0.080721598
0.078307808
0.065742537
0.067697784
0.066264849
0.054967052
0.068961775
0.057019380
0.096340358
0.054824129
0.060380107
0.048309962
0.048180923
0.047596904
0.041091642
0.039227429
0.039390465
0.046487807
0.046776337
0.061418938
0.044454555
0.060419352
0.053228007
0.037373736
0.33402006
0.045900982
0.062690445
0.062589729
0.036874227
0.044795776
0.26861513
0.040322328
0.067851998
0.047575792
0.052831136
0.055531931
0.055047403
0.056323334
0.18100310
0.056651581
0.044294663
0.047169480
0.045697918
0.064572268
0.060545699
0.064078825
0.038567321
0.036827683
0.044479396
0.044467027
0.046046682
0.042312149
0.043952741
0.042581105
0.044322570
0.044487230
0.043553476
0.043124436
0.045353381
0.044465276
0.046900725
0.064727666
0.25970702
0.051363760
0.036862068
0.039682287
0.041407972
0.059515597
0.068503959
0.060140252
0.060786087
0.058997752
0.067298390
0.060823335
0.066005087
0.039286470
0.061035851
0.043250744
0.067387993
0.040289494
0.041679561
0.040795045
0.12573397
0.041745088
0.055535547
0.055895458
0.055993019
0.038595619
0.037439476
0.066023533
0.058935269
0.066021352
0.042620250
0.047677698
0.042525368
0.044192971
0.061380457
0.041362860
0.17962751
0.057480266
0.040323152
0.040861752
0.039315513
0.038457662
0.049656292
0.076625516
0.077782302
0.075561709
0.066788150
0.053770900
0.048724401
0.066729534
0.055233034
0.049568176
0.072925863
0.075533347
0.055023588
0.087094848
0.048806445
0.060109026
0.054995054
0.079831252
0.059309268
0.050727277
0.050530309
0.059933459
0.051054622
0.050916588
0.079699402
0.049115625
0.049232976
0.049812899
0.049796391
0.037875982
0.044381979
0.071872175
0.037491476
0.037240163
0.036934816
0.037190142
0.045616744
0.061603570
0.040294649
0.038266522
0.18118057
0.037443027
0.038060160
0.15718813
0.067015069
0.068707052
0.070722076
0.071450097
0.070141314
0.079526334
0.051717494
0.051308296
0.090943763
0.053084115
0.050206119
0.081350570
0.076247216
0.048683083
0.065598175
0.094007472
0.070081407
0.053284572
0.055907815
0.051913190
0.056764643
0.057159046
0.12786211
0.063965064
0.050838436
0.065872886
0.051311331
0.072660361
0.072293286
0.060352714
0.55423961
0.071064151
0.049392779
0.050407524
0.21920805
0.070320832
0.049833152
0.055578633
0.055505466
0.078979824
0.092169663
0.12814342
0.052612067
0.094740535
0.079748485
0.078684321
0.050396425
0.068292053
0.099325767
0.054971455
0.057113477
0.058694069
0.058920894
0.045828326
0.036895882
0.038152972
0.036739959
0.061035684
0.062300273
0.048829266
0.060646517
0.049680496
0.060110696
0.061892200
0.060990162
0.060609223
0.059715913
0.058696762
0.058917080
0.13320343
0.17156439
0.050724283
0.047626321
0.15849687
0.076601620
0.047239910
0.051283021
0.053473092
0.052776581
0.051590468
0.051584934
0.048378630
0.048362705
0.059170614
0.19223171
0.052254517
0.060548998
0.058307964
0.056481346
0.040482308
0.039520116
0.037214847
0.041645408
0.041616090
0.040050474
0.039391901
0.039270320
0.037989434
0.041267004
0.039515377
0.039543594
0.041482048
0.039364027
0.037515069
0.036668642
0.038600288
0.036724918
0.037909325
0.037917132
0.037650781
0.039570432
0.038216341
0.036218802
0.041463102
0.098267980
0.042748167
0.050455474
0.061649729
0.053148526
0.12151727
0.053387776
0.053370278
0.067954299
0.061954111
0.063219456
0.067139812
0.054182238
0.068518605
0.047626368
0.047661551
0.064144902
0.070096132
0.076631184
0.077608539
0.077065624
0.098309529
0.10188842
0.094772281
0.092466680
0.045907961
0.055709270
0.050134741
0.053520845
0.051498609
0.054369453
0.052976010
0.057952480
0.051402332
0.055901355
0.055562306
0.053360308
0.053919758
0.044762942
0.045216131
0.046710027
0.058183784
0.058291254
0.084278263
0.053599835
0.12797284
0.12441569
0.053534014
0.057534689
0.074446032
0.20214937
0.20995954
0.089712242
0.064488262
0.062990357
0.061795316
0.053211035
0.053143755
0.12000491
0.053379976
0.050716823
0.052917010
0.057961482
0.050657881
0.050690311
0.049925927
0.048125581
0.048609030
0.049272490
0.049470459
0.050956900
0.048206372
0.040573699
0.090779175
0.059824337
0.050165747
0.043616647
0.045740723
0.050373027
0.21064707
0.092497411
0.094432389
0.052764937
0.053295314
0.051668789
0.050018987
0.048285731
0.085223593
0.069465202
0.059013189
0.052520669
0.057837660
0.060435695
0.056980462
0.049343299
0.048898654
0.049468791
0.049589709
0.051056076
0.048990478
0.046817562
0.047986346
0.050264127
0.050175167
0.047573049
0.058366569
0.049885847
0.051259000
0.046699126
0.041276572
0.059096306
0.049794278
0.046008903
0.050466239
0.041463545
0.047196906
0.051032120
0.047933337
0.048137352
0.046682432
0.040159052
0.051424429
0.052237319
0.050116261
0.049883761
0.063810661
0.052825304
0.041659395
0.042579492
0.041514209
0.040116721
0.041297869
0.040474518
0.040330143
0.043228195
0.040622417
0.042739898
0.045253204
0.042757687
0.042570370
0.044458988
0.043995651
0.041401839
0.041243605
0.053062307
0.052276219
0.041834549
0.040944287
0.043050666
0.040075981
0.039484499
0.039426393
0.039745289
0.041404012
0.052181700
0.042145704
0.042179158
0.041360823
0.041661674
0.042135895
0.046234499
0.047241400
0.054286165
0.042702068
0.046666013
0.051366617
0.056425659
0.067073437
0.051819635
0.094946169
0.052732577
0.055443550
0.055648221
0.055095292
0.052518536
0.051892830
0.048233254
0.055161405
0.052255755
0.054090528
0.046949561
0.051698618
0.058840957
0.054339076
0.052670240
0.060140838
0.051209329
0.049133371
0.061210591
0.052757446
0.049071820
0.052689586
0.056138409
0.065320796
0.043752178
0.044485086
0.054674621
0.041362356
0.040663455
0.043391400
0.040076617
0.039886755
0.042083622
0.041614201
0.040489328
0.041269869
0.041737077
0.040850733
0.046457315
0.041446875
0.041970012
0.041804875
0.041793149
0.051863962
0.049847934
0.051710028
0.051676810
0.042666820
0.040040171
0.042279038
0.053744422
0.046963048
0.042289700
0.051516326
0.051930067
0.049500395
0.052570367
0.046973510
0.063903717
0.078638139
0.051487428
0.098901322
0.056454055
0.055964045
0.040976876
0.049503811
0.047984809
0.048910358
0.039999801
0.043156313
0.044082015
0.047915317
0.044767734
0.050664363
0.039641403
0.048502787
0.037403220
0.085669702
0.051946535
0.052110704
0.059951146
0.049343590
0.050085898
0.048647913
0.047889369
0.043000644
0.039473808
0.041773839
0.039880392
0.040000973
0.040049779
0.040976035
0.039865357
0.041095330
0.040700593
0.041968041
0.041468221
0.042247709
0.040699871
0.071702373
0.052072293
0.049386247
0.048350964
0.050927864
0.045870036
0.048229121
0.047224451
0.047611986
0.051091988
0.049398997
0.041469306
0.048828363
0.042324255
0.041583582
0.14497875
0.061312952
0.14480628
0.058996893
0.060179818
0.058724657
0.059235605
0.058396535
0.14981000
0.059710414
0.18017168
0.050983279
0.059901113
0.059112874
0.058403093
0.050791696
0.17313979
0.060221078
0.058231800
0.058310738
0.059377614
0.059289519
0.048502446
0.057454293
0.058141057
0.069899793
0.077294875
0.051678122
0.059728292
0.051066809
0.039495232
0.090404449
0.068818835
0.16905021
0.13339018
0.049014137
0.056692406
0.049815045
0.048768113
0.040472630
0.040328774
0.040782778
0.041776976
0.065181574
0.063509495
0.046124323
0.047389526
0.047466243
0.043298272
0.041896736
0.040288632
0.039926455
0.041980829
0.042177777
0.043779470
0.041530701
0.042527145
0.041411693
0.072727483
0.075353616
0.074506187
0.063679786
0.096249111
0.052044103
0.064816185
0.062335498
0.079437439
0.061280069
0.12086164
0.061560325
0.080346223
0.061973959
0.061708858
0.065901709
0.072354903
0.068198170
0.091333512
0.068378025
0.094725923
0.051270266
0.072271884
0.050483517
0.044325408
0.041081766
0.067872349
0.058109728
0.039317624
0.075559853
0.044139436
0.066914129
0.047438927
0.046284419
0.046774256
0.045512450
0.042605792
0.044504813
0.044750114
0.044589381
0.043708481
0.044390266
0.045023887
0.045212133
0.062048529
0.049648478
0.040601512
0.068369903
0.14543502
0.038166285
0.047645249
0.062217007
0.044489332
0.043672114
0.072541936
0.040305670
0.039876817
0.040098756
0.039007855
0.042122288
0.074982555
0.046468275
0.044766822
0.045738171
0.044468765
0.046503511
0.047677116
0.045078595
0.090018652
0.043936798
0.048179986
0.046958369
0.063757161
0.054416454
0.29879357
0.045754088
0.040869195
0.054343144
0.062971886
0.049526642
0.049861678
0.049838237
