dec
-0.83628372
-0.82653423
-0.41521534
-0.40733752
-0.41021081
-0.40903771
-0.10918092
-0.16251029
-0.16387629
0.0074187985
0.42157000
0.72116507
-1.1314778
-1.2349488
-1.1345376
-1.1109633
-1.0749968
-1.1947744
-1.2256121
-1.1130070
-1.1051041
-1.1395863
-1.2414240
-1.0757585
-1.1319613
-1.2385175
-1.1691884
-1.1708887
-1.1983423
-1.1333677
-1.1666759
-1.1262234
-1.2434137
-1.1037262
-1.2383274
-1.0618854
-1.1616616
-1.0539614
-1.0535844
-1.0892050
-1.1950680
-1.1535619
-1.2286272
-0.66218893
-0.74016440
-0.72855556
-0.76491089
-0.80275645
-0.64115524
-0.73833692
-0.67416331
-0.75088080
-0.64027587
-0.63839934
-0.65571221
-0.71361175
-0.72578609
-0.76738722
-0.73376485
-0.79448643
-0.64887468
-0.80708690
-0.77492166
-0.63515349
-0.63158738
-0.77199498
-0.66539034
-0.64765766
-0.64778529
-0.70415845
-0.30560334
-0.39078391
-0.27806735
-0.29019165
-0.34499699
-0.39119414
-0.24454215
-0.27153099
-0.26696635
-0.30943353
-0.40501454
-0.40300671
-0.33314188
-0.24144442
-0.36765016
-0.31170337
-0.25133605
-0.30386871
0.081038361
0.15670225
0.19922656
0.14207024
0.14069464
0.14814618
0.15843568
0.031357605
0.18558070
0.027363052
0.054155317
0.030524747
0.11368871
0.10212592
0.46348080
0.44249421
0.55790176
0.54949416
0.56830137
0.52726699
0.55092135
0.55509403
0.52942600
0.58456906
0.44013672
0.52198916
0.86415546
0.91277106
0.90454778
0.92595746
0.94317924
0.91001960
0.97051550
0.91011967
0.91435152
0.92062644
0.98953183
0.89963027
1.0453593
0.93748677
0.98124441
1.0454021
1.0203014
-0.47053170
-0.070116619
-0.086384500
-0.15553873
-0.078784981
-0.031562947
-0.072372931
0.34448415
0.25983701
0.23675728
0.24647015
0.31180518
0.33138669
0.27329825
0.41027911
0.71802195
-1.0692632
-1.1373461
-1.1870625
-1.2433033
-1.0807953
-0.73051346
-0.79697399
-0.81674324
-0.76823995
-0.71235853
-0.71838443
-0.69953051
-0.65764561
-0.81732089
-0.80160328
-0.76600751
-0.83237236
-0.63302326
-0.79695203
-0.63973360
-0.82554781
-0.21111711
-0.29103304
-0.21743197
-0.22761476
-0.23277761
-0.31822029
-0.22294655
-0.39593097
-0.25211971
-0.21820151
0.17901495
0.18865839
0.090550757
0.11376775
0.12548559
0.13937973
0.060874498
0.20493567
0.041916038
0.0070777188
0.088687191
0.18633340
0.094461376
0.18266101
0.20198728
0.059709329
0.46857110
0.49430320
0.49066609
0.53327550
0.54223683
0.61370760
0.60622871
0.54209599
0.46023247
0.46227882
0.60849483
0.50799379
0.62008347
0.61574674
0.53047132
0.51422208
0.50777672
0.51947293
0.42689681
0.49858943
0.43424893
0.85315520
0.93053198
0.93963206
0.97230110
1.0083570
0.85702581
0.96139456
1.0460832
0.90798739
0.97886590
1.0258478
1.0027813
0.85686592
-0.86297710
-0.90941672
-0.93424070
-0.90857481
-0.86902046
-0.92415021
-0.92793190
-1.0275876
-0.96762217
-0.84116492
-0.99186958
-0.94259828
-1.0105270
-0.96688810
-1.0358034
-0.97482186
-0.86013480
-0.92243034
-0.87580185
-0.58265979
-0.46724384
-0.49560479
-0.61482652
-0.54149851
-0.51884385
-0.52830732
-0.42988360
-0.56080091
-0.52382220
-0.51789654
-0.45291679
-0.44628115
-0.42213268
-0.62212350
-0.11393736
-0.097036108
-0.11999626
-0.14338601
-0.19028632
-0.12515644
-0.17437645
-0.20024833
-0.096436314
-0.012435219
-0.17482942
-0.036687731
-0.14823257
-0.20600195
-0.16370010
-0.027018800
-0.043619824
-0.063709012
-0.15239396
-0.0077464028
-0.10947099
-0.16589976
0.35004244
0.40913230
0.22568580
0.25719206
0.27216065
0.36309760
0.33890201
0.32230278
0.35325993
0.28993348
0.28431018
0.22314428
0.31567309
0.38431172
0.32252448
0.27002040
0.36555264
0.34240188
0.30510032
0.32482352
0.41082404
0.40430028
0.68807784
0.67572539
0.83092368
0.73353466
0.71677804
0.71901161
0.69770276
0.70458863
0.63334852
0.63179643
0.69302753
0.68493019
0.81874016
0.67639660
0.68898280
0.66373409
0.66416584
0.63095005
0.63579877
0.77832718
0.63957145
0.71841075
0.77150592
0.83733361
0.65600087
0.83399511
0.70345962
1.1120636
1.1098167
1.2046308
1.0614496
1.2473916
1.2293504
1.1969189
1.1594808
13.726201
13.353350
12.853254
13.649674
13.320274
13.211106
13.233361
14.664230
14.377468
14.054542
13.541117
13.482958
13.278189
13.258510
13.250986
15.039567
14.611981
14.519988
14.468114
13.653002
13.669993
14.981231
14.656841
14.296618
14.015374
13.843264
15.409444
15.021584
15.028125
15.049681
14.735454
14.724233
14.652996
14.300491
12.927531
13.055341
13.167071
13.129388
13.678694
14.874759
14.895704
14.838715
14.720708
14.609257
14.565448
14.008199
13.943772
15.697069
15.413482
15.214676
14.969040
14.549888
14.493052
14.081595
14.141788
15.544044
14.709284
14.739131
14.366736
-9.3004464
-9.1265585
-9.0024831
-8.8043976
-8.4329226
-8.4245532
-8.2124150
-7.5574220
-7.4379619
-7.1837831
-7.0287771
-8.6436933
-8.5104209
-8.0193301
-7.6168618
-7.1407328
-7.1098586
-6.2102837
-5.9151262
-8.1825289
-8.1641552
-8.1805136
-8.2364952
-8.1266340
-8.0582734
-7.5432768
-6.5413853
-5.4820203
-7.6481687
-7.5067006
-7.3003455
-7.3005362
-6.2650029
-6.1509532
-6.1414446
-5.5518398
-5.3152703
-6.8618411
-5.1907461
-6.7558690
-6.7649182
-6.2764669
-6.3928089
-5.7457990
-4.4728669
-1.1793831
-1.2422077
-0.70652329
-0.24136420
-0.39046981
0.064284826
0.99704108
0.94584127
1.0161852
-3.4881576
-3.5176776
-3.3776218
-3.3671631
-3.4429213
-3.1238011
-3.0446458
-2.9120565
-2.5492932
-2.6786161
-2.6167318
-2.1356704
-2.1455560
-1.6691889
-1.7625987
-1.7027659
-1.8127922
-1.3142640
-1.3541890
-3.6274635
-3.5690682
-3.5296863
-3.6062560
-3.1995095
-3.0881893
-2.6946823
-2.7566176
-2.7212554
-2.7246216
-2.9005475
-2.7518706
-2.7685186
-2.6756876
-2.2967880
-2.3606338
-2.3858438
-1.8767179
-1.8947460
-2.0664590
-1.9930263
-1.8799098
-1.4554974
-1.6150537
-1.4881139
-0.26888498
-0.24979590
-0.30102273
0.068224357
0.48469136
0.57271000
1.0388005
0.94514979
0.93095008
1.0383189
0.87185726
50.874194
53.220198
53.188952
54.998994
56.129798
39.744381
42.002323
41.990901
42.005420
43.934928
52.532815
42.057067
52.932816
54.036907
55.692793
53.617394
53.640946
54.220645
44.193611
45.918206
46.548334
55.053234
56.089075
60.234978
60.284942
60.236464
60.256064
60.337521
60.346812
61.273029
61.626307
61.607800
61.640537
61.653383
62.237121
60.052510
63.281871
63.578899
56.757283
56.802940
60.337800
57.589551
57.504074
57.440227
57.322486
57.110995
53.950883
59.391271
57.993664
57.673433
57.658861
57.522848
57.411255
57.432948
57.493172
57.502557
57.422006
57.350377
57.305520
57.310546
57.322594
57.301954
57.329526
57.238341
56.061243
53.467070
60.990229
60.823176
56.630135
62.043455
61.325002
57.225938
57.164127
63.752289
62.973107
62.722150
60.796160
59.082719
56.810864
56.848837
56.636915
58.747310
57.374145
57.342168
61.198116
57.781713
57.622470
57.535363
57.422760
57.418534
57.374985
57.068159
53.539526
58.135173
57.900360
57.098058
56.988943
59.868079
57.283540
57.204410
56.915406
56.909773
56.878388
56.876365
52.051167
54.117540
60.311842
60.305571
61.051186
61.501430
59.658193
56.668946
53.333337
52.294845
44.357382
52.400508
52.365486
52.772636
62.919970
62.889768
61.689037
61.593705
49.338222
43.824901
42.461287
41.931056
51.325703
53.918059
61.476523
61.582396
61.579287
61.526871
61.525142
61.584043
61.452565
48.235045
42.184126
41.955613
41.432313
39.971873
39.750100
39.634420
39.195915
51.991230
53.172098
53.478146
62.618593
64.269875
61.994668
58.178593
47.052108
40.758334
39.598266
43.474835
53.517777
36.668368
36.401544
36.420240
51.644771
53.444483
53.423025
52.167752
64.919304
66.332663
53.600204
53.959096
54.002275
53.986507
53.994427
58.200097
39.233296
46.331660
46.287394
52.442400
53.726363
54.682692
55.135785
55.323530
55.378109
55.369900
55.378825
55.419108
64.205358
64.468697
65.324208
65.244383
65.258137
65.262949
63.739168
41.701652
42.078692
42.967055
44.095405
44.151817
46.727402
53.228133
53.727315
55.024436
55.019001
55.054108
55.070035
55.118824
56.786817
58.902499
64.363112
65.492053
65.387411
37.869981
42.934100
44.161455
51.904416
54.430837
54.514733
55.628616
57.166793
66.009736
66.362090
66.370446
66.753099
66.176288
65.707785
65.690815
65.787309
65.663786
43.918606
47.413193
47.370864
65.440576
65.805839
63.236264
60.608208
60.149286
58.321915
56.885635
61.542346
58.476830
58.365286
57.521894
56.639440
56.352030
62.587978
60.194186
59.727163
59.643877
58.850969
58.761403
56.901336
56.878801
59.639953
66.159692
65.732342
59.581209
58.937630
57.239274
57.118235
55.577318
64.576003
59.842765
58.561549
58.299218
57.002158
56.774844
53.505716
60.559332
60.001558
58.485537
58.475923
58.499628
58.423003
58.398960
58.382645
58.410281
57.769350
56.739576
64.494886
64.289981
64.270073
60.097352
60.080417
60.080186
56.799679
62.149544
59.941598
59.971715
59.870959
59.615570
59.694616
59.711008
59.200354
59.167336
58.714962
43.182649
46.562999
41.444911
41.536226
41.646045
44.193711
45.366093
46.707443
43.561594
43.752104
43.767219
43.780468
43.945137
44.065021
44.688281
59.135788
64.628707
63.653283
64.293705
64.911045
64.926172
62.338239
62.215199
59.808997
52.133327
65.781649
65.099088
66.852721
65.575575
65.451736
64.471171
53.886767
52.809022
52.633196
52.454866
67.955878
64.707857
55.022320
54.489087
53.163100
65.631438
67.238885
68.515292
51.822618
54.026367
54.335323
54.443407
55.592691
52.606253
54.978334
55.136141
56.878969
53.917540
54.041535
54.045241
54.977789
54.260329
54.512464
54.544752
57.670259
44.433601
43.268910
40.311944
39.812619
39.852179
39.844616
39.829640
39.810169
39.716804
39.779841
39.731894
39.371975
48.100431
43.996906
39.255324
39.216878
38.808958
38.866295
38.351702
38.354317
38.208076
37.730545
44.058878
43.866475
39.782976
49.840314
48.841802
46.004119
44.637200
40.895704
38.889042
38.867636
38.854538
38.638400
46.694459
41.837805
40.378013
38.904260
1.5259003
1.5675682
1.5462282
1.5934808
1.5750474
1.5742120
1.5452823
1.5758459
1.5618082
1.5586704
1.4655396
1.3862564
1.3223729
1.2865182
1.3095354
1.2725337
1.2343875
1.2037134
1.0981139
1.9522068
1.9768068
1.9764266
2.0469219
1.8959610
1.8940860
1.9001544
1.9399662
1.9422760
1.9094281
1.8923468
1.9062926
1.8574550
1.7310366
1.6715826
1.5424707
1.3899465
1.4030908
1.3660219
2.2895274
2.4528538
2.3411351
2.3495951
2.1200483
2.1776426
2.0458942
2.0177698
1.8518987
1.8398199
1.9368595
1.8913233
1.7789875
1.7161999
1.7820402
1.6856432
1.7840337
1.7701935
2.7791470
2.4018042
2.1026842
2.1041562
2.1249377
3.3058972
3.1418273
3.1946731
2.9989248
2.9558667
2.8468379
2.8383904
2.7989593
2.8516119
2.8661391
2.7280250
2.8003343
3.7261302
3.5347637
3.2331222
3.2320550
3.2620241
1.2842451
1.2690951
1.1645332
1.0258403
1.1542918
1.5680207
1.6557135
1.5913211
1.6214495
1.6281557
1.6620661
1.6692974
1.5595558
1.6060746
1.6950615
1.8359806
1.8469818
1.7877163
1.8016045
1.7382108
1.8483911
1.8282055
1.8197063
1.7543431
1.6791666
1.6730614
1.5749022
1.5860148
1.7050915
1.4613055
1.4805181
1.4747157
1.3197504
1.2747549
1.3671775
1.1634148
1.1074755
1.2199169
1.2501057
1.4727249
1.4339957
1.5831004
1.7644837
1.7545863
1.7554062
1.7877507
1.9137148
1.9373455
2.0863091
2.2053047
2.1209351
2.1318604
2.0760911
2.0803318
2.0033598
1.7545750
1.6797722
1.6232675
1.6943057
1.6056236
1.5442438
1.5084132
1.9956684
1.9889243
2.0198035
2.1544511
2.1708392
2.5621194
2.5427340
2.4799802
2.5754725
2.5526629
2.5445915
2.5217975
2.5552705
2.5342837
2.4982404
2.5192138
2.4801244
2.4699399
2.3152839
2.3458150
2.3595503
2.2870008
2.2165064
2.1079460
2.0958668
1.9477355
2.0410088
1.9326594
2.0261324
1.9848591
2.2803712
2.7613113
2.8581501
2.9734212
2.9724739
2.8966456
2.9637156
3.0168273
2.8427739
2.8528965
2.9262977
2.8142758
2.8442706
2.6526767
2.6387136
2.5028565
2.5243129
3.1482273
3.2054521
3.3422940
3.3195742
3.3207079
3.4198714
3.2672938
3.2715216
3.3644725
3.2627410
3.4880289
3.2959683
3.4185687
3.3158369
3.3470479
3.3308503
3.2801729
3.1127108
3.1308933
3.1256527
3.2137984
3.0914273
3.0395312
3.5764967
3.5727524
3.3978167
3.5072058
3.3415776
3.3086145
3.3400468
3.3683498
3.3515187
3.3770324
3.3740263
3.2540761
3.3335403
3.3035821
3.4327566
3.4183152
3.4515671
3.3899706
3.3391105
3.2319418
3.1446221
3.2248180
3.2077504
3.2137031
2.8608783
2.9488914
2.7429753
2.7530845
3.7754074
3.8271647
3.9568716
3.7974310
3.8341302
3.8117335
3.7973127
3.7757097
3.9015674
3.8867248
3.8999159
3.8070593
3.7208509
3.8256035
3.7357615
3.6855381
3.6906972
3.8124028
3.7256178
3.6802369
3.7881751
3.5381481
3.2080993
3.3516193
3.3677250
3.2882521
2.9921185
2.9760536
2.5914243
4.2942662
4.1941277
4.2185514
4.1923290
3.8611717
3.7768384
3.5348523
3.5858949
3.4676469
3.4811023
3.4535426
3.5108784
3.3322958
4.8216136
4.7695139
4.5458929
4.4210701
4.2658600
4.1463676
4.2039559
4.1648243
4.0663286
-7.0218049
-10.379345
-7.5855235
-9.3345512
-9.5192112
-9.4387010
-9.5916887
-6.0282798
-8.7506533
-9.5625702
-7.0855313
-8.9675406
-9.2861458
-6.7898025
-7.0577332
-11.096178
-10.133098
-8.5944467
-8.6352032
-8.3985662
-8.4569043
-8.3837246
-7.5854011
-7.3964764
-7.3783804
-7.4775617
-7.0729655
-6.6015885
-10.399254
-10.408137
-10.371265
-10.328411
-10.744663
-10.779109
-10.766512
-10.777741
-10.741269
-10.673885
-10.265260
-9.0912143
-8.7995990
-8.8809592
-8.8159975
-8.5968218
-8.3059583
-8.0910676
-7.8827186
-7.2883399
-6.6829815
-10.030746
-10.070643
-10.007639
-10.077332
-10.096600
-10.238668
-8.5470849
-8.3483942
-8.4033147
-8.3128296
-7.8010851
-7.6264562
-7.3944291
-6.9814352
-6.8133584
-6.8622692
-6.7061174
-6.4548201
-6.3489577
-6.3233156
-6.3005057
-6.3473094
-9.9226838
-9.8400161
-9.8118856
-9.8888304
-9.7667927
-9.8081047
-9.8350510
-9.7538858
-9.8506047
-9.0025782
-8.7138769
-8.1093289
-8.1334048
-8.1011815
-7.9744446
-8.0328737
-8.0135579
-7.9511122
-7.7588276
-7.4604649
-7.3662949
-7.2906823
-7.2504487
-7.2526068
-6.7210271
-6.5204463
-6.4958717
-6.4508178
-6.1976804
-5.8102206
-5.4370829
-9.5742145
-9.4922498
-9.5030234
-8.8091422
-8.8250739
-8.7527995
-8.7842333
-8.5824159
-7.9138322
-7.8037246
-7.6343687
-7.3173588
-7.3450653
-7.2954380
-7.1772441
-6.9527286
-6.7639078
-6.7762432
-6.4956074
-5.9210657
-5.9323951
-5.3679606
-5.1867714
-9.0807413
-9.1128537
-9.0145774
-9.0201302
-8.5642440
-8.2434950
-8.0267184
-8.1250944
-7.3651874
-7.1668688
-6.6983524
-6.7244261
-6.5686084
-5.7023904
-5.7842696
-5.5847539
-5.4672407
-5.4297086
-6.4228845
-7.6317613
-7.7397447
-5.9964257
-6.0907753
-7.3241867
-8.1252911
-7.0945673
-7.5861999
-5.7460988
-5.7111236
-5.8128504
-7.5697602
-4.6187422
-6.7088360
11.380183
11.467463
12.361316
13.060515
13.134502
13.909889
11.856778
11.905908
12.366319
13.538553
13.951272
13.913939
13.942256
14.080741
9.9176116
10.656070
11.214335
12.422598
12.955789
14.170399
14.509548
11.366501
12.337031
12.411382
12.495075
13.147745
13.254027
13.449788
13.977301
14.474730
14.609371
15.000069
11.143920
11.220243
12.354805
12.498284
13.207918
13.364717
13.513489
13.672449
13.708531
13.715251
13.673184
13.604732
13.714556
14.314531
14.386950
14.404852
14.264281
14.886558
14.892641
15.009844
15.033055
15.671730
15.667973
11.510631
11.456330
11.495644
11.836164
13.288172
13.431652
13.967667
13.951509
14.076211
14.017763
13.953097
14.124964
14.044602
14.115594
14.711942
15.451087
15.368968
15.415335
15.422280
15.761022
15.954634
16.145929
-10.949321
-10.928134
-10.888192
-10.855669
-10.583932
-10.332476
-10.121700
-10.008062
-10.021433
-10.033386
-9.7669826
-9.6796609
-9.6617765
-9.7053357
-9.2721668
-9.2078618
-9.1946049
-9.3422109
-9.1901199
-9.1945403
-9.1429466
-9.2886722
-9.2189292
-8.7751955
-8.7507220
-8.5541615
-8.4906238
-10.278226
-10.244003
-9.8961499
-9.2110694
-8.5229485
-8.5840956
-8.3988850
-8.5176181
-8.5556525
-9.1894773
-8.6319364
-7.7668151
-7.6618886
-7.7321121
-7.6972619
38.695169
39.157423
40.112306
40.398323
40.591561
32.822101
33.122708
39.770259
-10.278062
-10.217730
-10.218051
-9.1397229
-8.4850994
-8.6481912
-8.6107149
-8.6306437
-8.7352939
50.715174
51.329237
59.041932
59.370801
59.411277
52.626140
55.803277
51.744747
54.091287
55.608605
55.837183
59.174102
52.620048
57.554094
59.764250
51.471655
51.878557
52.064269
60.295648
60.620055
61.379716
52.066004
52.182844
52.494285
52.585462
60.013199
60.181008
60.593008
60.934916
59.344889
58.205809
61.071866
58.503634
62.107316
58.164983
58.894996
60.003233
62.507382
59.660682
62.920648
14.522215
14.970927
15.749333
15.666050
15.655096
16.235282
16.204180
1.2888272
1.3492212
1.3187366
1.5123584
2.0896112
2.2055508
2.0643551
2.2975707
2.3941457
2.7434925
2.9128777
1.2968258
1.3131026
1.5207862
1.8552178
1.7847451
1.7164953
1.8249237
1.8677105
1.7315649
1.7554082
1.7634313
1.7908156
2.3637139
2.3396400
2.2742164
2.4826348
2.5561452
2.6265265
2.8104540
2.8146396
2.9126575
3.0456915
3.1979626
3.2109648
3.1357635
3.0444232
3.1433656
3.1685624
3.1561968
3.2318374
3.3722893
3.4947059
47.078071
49.569470
52.421380
52.423385
48.116859
48.348418
50.678462
51.651838
51.672184
52.067129
52.820307
52.992961
53.602008
51.117355
52.981377
51.332033
54.192443
57.191139
51.879780
51.920408
52.557685
55.757695
57.941061
42.705611
44.456990
43.971848
44.373589
43.924501
39.858077
31.519714
31.519028
40.178343
39.870499
43.143436
43.447622
43.873448
44.264047
44.367155
39.371502
41.914835
41.989473
63.492550
63.661520
63.660255
63.914456
62.766635
62.767775
62.700710
62.630814
63.289519
63.365170
63.352824
64.255038
64.352891
63.642057
63.550630
65.442584
64.774309
2.3289292
2.7473830
2.5732403
2.6018685
3.1097951
3.4540212
2.7069157
2.9393122
3.0964043
3.2705356
3.7305976
4.0000308
3.9865796
2.7138528
2.7115281
2.7622618
2.8402417
2.9213152
2.9254839
3.4083718
3.5990914
3.7779460
3.7767817
3.7497355
4.3775489
4.3773425
4.4293737
4.3360921
4.5329192
4.4333567
4.5108343
3.3940608
3.3849912
3.3758311
3.4730007
3.3929056
4.0031668
4.1507493
4.0919693
4.6520845
4.8105965
4.7990120
4.8693679
4.8318946
4.8681319
4.7843621
4.8464542
4.9100183
4.9320554
4.8855810
2.9987151
4.3544850
4.4034420
4.7343310
4.8592005
4.7636481
4.9605466
4.9883824
5.1259813
5.2075528
5.2465913
5.2920296
5.2757245
5.1915396
5.3502012
3.7722805
5.4385051
5.4672298
2.2464072
2.9647304
3.1730707
3.1418191
3.5850687
3.6787587
3.9098327
4.0047019
2.5374228
2.5600647
2.9770905
2.9308714
3.1569275
3.4300474
3.4835949
3.6736481
3.8913415
4.0766872
4.1965266
4.1176776
4.2973439
4.2766895
4.1472976
4.3378618
4.2908320
4.1922710
4.2094541
4.2832833
4.3272828
4.4881370
3.0902276
3.8139557
4.5019432
4.5539174
4.5393542
4.6882695
4.5995093
4.7293178
4.8108264
4.8022173
3.4977117
3.6157338
4.0941459
4.2831822
4.2145523
4.4686695
4.4482338
4.3389671
4.5221224
4.5824152
4.8317666
4.8311555
4.7722160
4.9277395
4.9985784
5.0016513
4.9026440
5.0348363
5.0274954
5.0961604
5.0923659
5.0848101
5.3763973
5.2837686
5.3413511
3.2680530
3.8146565
5.1944743
5.3707486
5.5610683
5.7273475
5.7852128
5.7259557
3.6341331
3.8090398
4.0376632
5.8779610
5.8254721
6.1884605
6.1685851
6.0986748
38.017710
30.805577
31.119147
37.625591
30.018880
31.539410
34.422717
34.479317
38.267722
38.769848
39.023611
58.727938
62.952593
61.279906
61.638734
62.429372
41.534065
44.307911
48.666313
49.460360
49.501332
49.780448
49.761889
49.845198
50.020726
50.430212
51.381788
51.551056
52.917057
37.460051
37.536611
38.328444
49.761327
50.236030
33.835424
33.962288
37.488596
37.840351
42.134453
43.358668
44.393088
45.243361
49.480165
49.577707
49.639325
49.589019
49.614973
49.552273
49.542632
49.692747
49.672087
51.545564
51.900321
40.419548
49.325488
49.356818
49.889439
49.991876
50.281927
50.401387
50.418327
50.433337
50.664320
50.842737
52.302009
47.394771
49.914838
50.380149
50.631165
50.727102
50.715809
50.936028
50.955151
51.630660
-1.0556221
-1.0878761
-0.70796576
-0.66806031
-0.83895412
-0.33935765
-0.25946438
-0.25793460
0.44577329
63.425475
64.047645
63.939283
64.553533
64.378238
63.934719
64.957953
64.933543
64.406296
64.870721
65.829946
65.101937
66.230917
3.9564384
3.8022996
3.8066361
3.7674507
3.1970387
3.2689696
3.1134912
3.2249885
3.1813477
3.1466683
3.2234843
3.0832830
3.0988470
3.1370815
3.2244154
3.0577822
3.0772988
3.0723800
3.0179167
2.9664306
3.0371713
4.2917743
4.1883670
4.1398073
3.8300870
3.6961536
3.6794880
3.5934904
3.7467032
3.7476253
3.6643897
3.7095470
3.7133229
3.6892396
3.6296843
3.5706777
3.5184840
3.6774950
3.5174671
3.6570010
3.6707562
3.6257545
3.5436339
3.6590523
3.5201289
3.5989215
3.5595360
3.5092814
3.4704587
3.4654215
3.4647008
3.4697202
3.6471611
3.6611193
3.5992186
3.5441538
3.4554142
3.4437558
3.6341050
3.5575336
3.4039881
3.4410958
3.3317732
3.2929798
3.0736466
3.1552433
2.9790140
3.0503169
3.0275006
3.0671249
3.0023168
3.1011719
2.3716850
4.7781369
4.7414137
4.7748945
4.5425958
4.1536788
3.9832893
4.0580912
3.9991674
3.9240302
3.9783373
3.8454323
3.7882099
3.7757727
3.6750605
3.5973031
3.6043444
3.5025980
3.4300901
3.3456160
3.1776991
2.6911463
2.7127611
2.6900873
2.6672165
2.6791699
2.7378669
2.8027520
5.3685258
5.0763117
5.0887529
5.0328707
4.9420959
4.9074950
4.5211437
4.3281722
4.3790764
4.2838961
4.0183376
3.9776924
3.9167447
3.7517542
5.6567885
5.5155929
5.3337272
4.7616066
4.4805614
4.4418221
4.4263855
6.1150883
62.120873
52.666625
51.044904
62.276000
61.719435
52.423012
51.988558
51.949829
53.645220
52.163577
51.555202
45.880026
45.469849
45.012489
44.602754
44.280097
44.335603
44.379043
44.262219
44.144473
44.085501
38.363479
47.434046
46.324134
44.870748
43.621760
43.353162
41.953115
39.823905
43.581642
42.692645
42.649607
40.809811
39.808302
39.391487
39.016724
38.850243
37.785885
48.783710
40.735616
40.722361
40.121158
39.631434
39.567341
39.566298
39.527684
39.552647
50.192449
48.062045
46.544668
45.845820
39.109608
39.034268
38.977102
38.728105
57.825443
58.833202
43.547552
49.488562
49.788606
50.400858
50.553745
58.133688
58.758321
58.764300
42.174774
47.795412
49.640069
49.786543
50.002223
58.133784
59.432768
45.430859
47.035925
48.708651
49.430163
50.879606
51.508112
59.721240
39.872692
44.619233
44.637116
45.005362
47.557737
49.088123
49.694398
49.963096
50.379884
50.995310
52.210630
52.379967
53.622927
54.484921
55.954107
57.039155
57.060901
57.293836
57.226390
58.599847
59.125380
60.418300
60.489529
59.502932
47.156335
49.656415
50.089357
57.282092
58.610880
58.601191
59.215583
59.906404
3.6573298
3.6021029
3.5870988
3.5856478
3.6262681
3.6625292
3.7667769
3.9204499
3.6874562
3.6186404
3.5955019
3.6557986
3.6533528
3.4114946
3.4496311
4.0847193
4.0206303
4.0162898
4.0228845
4.1999804
4.2340477
4.2252999
4.0418426
3.9385955
3.8974245
3.9056431
4.0238343
3.9278543
4.5369157
4.4867007
4.7698440
4.7164579
4.7402622
4.4855368
4.4643016
4.3490975
4.2382850
4.9729733
4.9590265
5.1746918
5.0861635
5.0015664
4.9756836
5.0311654
5.0748844
5.0350577
4.9505234
4.7537214
4.8684724
4.8167747
4.6016939
4.6196264
5.4164063
5.3634900
5.5065163
5.5985888
5.2511468
5.1253427
5.7966715
5.8917824
5.9327440
5.8891591
5.8467532
6.0058816
5.8522761
5.5262973
5.4082924
51.785496
42.368492
52.342982
39.730804
33.295392
51.304784
44.403258
41.818736
40.011500
34.234683
34.080672
29.723985
29.705763
29.779812
27.544476
46.338504
46.207629
44.508970
44.114977
44.135702
39.852339
35.634660
35.447174
52.361140
52.444955
60.564854
60.692233
62.304741
54.869273
49.342582
48.149253
43.492644
55.488786
48.168377
48.207259
48.095003
43.412430
55.573944
55.628316
48.529877
53.565810
47.061795
59.236825
61.750427
61.976312
61.455537
59.742873
56.917971
56.556780
56.314637
61.911829
62.060428
62.172000
62.391264
62.208749
62.229083
62.214124
60.869370
57.104972
62.347274
62.175064
62.162862
62.131712
61.619189
61.493264
61.439592
61.384294
60.678120
60.046748
62.651348
61.749296
60.409619
60.047047
60.011143
60.172232
60.043451
60.115160
59.477500
61.826547
61.027808
61.024197
60.791162
58.226034
41.706380
41.028300
40.911869
40.810511
40.656503
40.606077
40.497298
40.497506
40.351487
40.248220
40.235408
40.220802
39.978377
39.876011
39.838500
39.792510
39.744133
39.794007
39.790522
39.692930
39.517795
39.257657
39.232452
37.119253
32.458559
31.974071
41.883729
41.199758
41.163955
41.161007
41.136988
41.111028
40.987595
40.899385
40.874952
40.857414
40.874865
40.871989
40.811655
40.848343
40.771432
40.808820
40.659748
40.665683
40.766206
40.676289
40.659966
40.682965
40.617894
40.539418
40.614217
40.388121
30.467618
30.137993
42.123096
40.126960
39.290776
36.200931
34.719534
34.728643
30.402781
43.473224
42.679732
42.806837
42.678933
42.695253
42.638233
42.593912
42.652939
42.576794
40.991397
40.173473
40.176780
40.146807
39.917815
39.320142
36.094784
33.513193
31.438696
40.879974
40.622968
39.990224
39.840772
37.186336
33.375869
32.963821
31.138439
40.303518
40.169109
40.130250
34.471217
32.240092
49.568424
46.883202
60.273055
59.506703
59.259766
59.265302
59.239418
56.409068
54.638721
60.796071
57.921476
57.711835
57.650135
54.723501
54.506519
48.022410
48.093231
48.048086
47.958394
47.995506
47.790580
46.952001
62.264858
62.325145
62.143478
62.033731
59.326783
55.172511
48.272907
62.633225
61.914340
61.697197
61.506105
61.487811
60.392153
60.431757
60.335092
60.208004
59.966242
59.968558
51.648447
50.038218
48.682479
48.557929
47.586924
62.632903
62.063724
62.054021
61.831374
59.930923
52.887322
40.119032
39.959158
39.803062
39.122588
37.180068
37.191320
37.089245
35.458914
31.178901
40.695591
40.495061
39.942797
39.897648
36.090403
44.291303
42.179856
41.150883
41.255288
41.016619
41.109811
40.933099
40.796555
40.880146
40.852328
40.802210
40.565584
40.575061
40.313060
40.153092
39.249789
36.192453
36.039466
35.477069
34.561080
33.104653
32.152472
43.464642
42.694221
42.514436
40.230925
39.221638
35.255296
34.868535
33.058878
31.762210
31.252919
31.139730
30.308206
30.260181
43.229645
42.846089
42.828126
42.707282
42.766867
42.558845
40.199321
40.053552
39.943056
39.756844
39.800034
39.607943
38.920578
36.013648
43.962552
42.914875
42.938824
42.713873
41.188995
40.163497
40.136290
39.806441
32.975393
29.185528
-3.5034504
-3.4663688
-3.4182889
-3.4198339
-2.9626110
-3.0086254
-3.0533727
-2.9063122
-2.7130602
-2.6116218
-2.5655765
-2.4807202
-2.1544190
-2.2066133
-2.1317995
-1.6399078
-1.2993889
-1.3136433
-1.3964570
-3.3738186
-3.2928324
-3.1498208
-3.2080516
-3.2075924
-2.7941512
-2.8106293
-2.8578185
-2.8731411
-2.8320592
-2.1971039
-2.1047035
-2.3848002
-2.2155245
-2.0925831
-2.1144605
-2.0099015
-2.0037317
-1.8111550
-1.7659330
-1.8660285
-1.7352572
-1.7061946
-2.0264928
-1.9477306
-1.9064033
-1.4423041
-1.4261432
-1.3564485
-1.3811231
-1.5025332
-1.3909957
-1.2749703
-1.2290288
-1.6853392
-1.6150476
-1.5548123
-1.5407592
-1.5568806
-1.3513492
33.566834
32.492252
34.520357
33.921828
33.249490
33.080145
31.582032
34.543000
34.503259
34.251183
31.584137
-2.5923513
-2.5779338
-2.3731736
-2.3228741
-2.2791843
-2.1863460
-2.2484930
-2.1686254
-2.2477083
-1.9189407
-1.8225652
-1.8027502
-1.8028669
-1.7307280
-1.7518324
-1.7778942
-1.8582610
-1.8095656
-1.3206829
-1.1655758
-1.1590940
-1.2388283
-1.1729233
-0.93001403
-0.92676706
-0.70997155
-0.75370273
5.2565071
4.8423939
4.7944055
4.7925466
4.7951799
4.2440946
4.2833802
4.2654671
4.3294805
4.3470331
4.2136021
4.1498211
4.1625765
3.9580990
3.9275773
3.8705565
3.9521194
3.5390412
3.5826173
10.181554
10.337492
10.362927
10.356148
10.503718
11.226383
11.907441
12.267102
12.927587
12.790315
13.001663
12.915830
13.209737
13.290279
13.196121
11.890489
13.220471
13.248274
13.296577
13.369843
13.631560
14.074957
14.277527
14.236845
14.272237
12.196677
13.061880
13.479022
13.880562
14.325840
14.215210
14.531376
14.593088
14.551452
14.757189
14.775686
11.439633
11.558750
12.675883
12.626017
12.660828
12.649354
13.079171
12.994908
13.187464
14.392645
14.693118
15.025622
15.195169
11.831645
11.906208
12.636205
12.535856
12.950019
12.981550
12.968388
13.436464
13.454272
13.425953
13.543054
14.867123
15.199852
15.235373
15.590725
12.175808
13.391452
13.790745
13.772743
13.846514
13.833517
13.775961
13.774122
13.874723
13.747182
13.761914
13.853958
13.882109
13.815477
15.443426
15.965726
16.025951
-10.182671
-9.7637346
-9.6689658
-9.8741800
-8.5230634
-8.4933503
-8.6471597
-9.0117998
-9.2677862
-8.9929783
-7.4194140
-7.5516095
-7.6910548
-7.6459376
-7.8549566
-8.1331184
-8.4460351
-8.6937642
-1.2252474
-1.1886210
-1.1021774
-0.77299904
-0.82649202
-0.63127992
-0.22217089
-0.23776465
-0.41098515
-0.29478794
-0.34243085
-0.32140277
0.13225380
0.17797336
0.068842880
0.060274060
0.43018326
0.44798381
0.62776967
0.57086940
1.0183437
1.0267169
-0.46832795
-0.19517999
0.36328134
0.32079655
0.30082088
0.32552464
0.65276190
0.65195887
0.81638383
0.70423370
0.70238576
1.0867713
1.1173248
-0.84227499
-1.0024185
-1.0113372
-0.90061546
-0.98569610
-1.0002615
-0.87188388
-0.97445712
-1.0447756
-0.98675015
-0.92287003
-0.91226713
-0.62174515
-0.52388674
-0.56497157
-0.51143219
-0.49574091
-0.46771255
-0.42157979
-0.51582831
-0.51787326
-0.61086875
-0.45992748
-0.0081354955
-0.014849524
-0.16210437
-0.15225117
-0.18564472
-0.11026604
-0.20168556
-0.034484317
-0.030191899
-0.14706107
-0.029265867
-0.083360176
0.32639369
0.38498326
0.41528310
0.39986477
0.40836237
0.21808709
0.32047506
0.37700267
0.38283811
0.35693952
0.29923917
0.69974007
0.75649974
0.76582923
0.65517043
0.83355303
0.82634457
1.2550238
55.710929
55.704361
56.117872
53.856429
54.329151
56.578199
51.380491
54.479816
57.230239
-0.95593221
-1.0206533
-0.94899843
-0.96249091
-0.93308610
-1.0322882
-0.94553904
-0.84069417
-0.89943297
-0.99307739
-0.86711593
-0.84499131
-0.98009899
-0.84663446
-0.93706030
-0.98350482
-1.0494686
-0.97852722
-1.0475619
-1.0447345
-0.92018354
-0.88515128
-1.0187144
-0.97839548
-0.62173731
-0.54448856
-0.57010601
-0.53254336
-0.56193587
-0.45412833
-0.59706205
-0.48554668
-0.55967922
-0.44919145
-0.52405600
-0.42711819
-0.53404280
-0.50999466
-0.55508578
-0.56670705
-0.53898801
-0.62018930
-0.46076009
-0.42201569
-0.54494004
-0.42671517
-0.53967480
-0.61574473
-0.58008570
-0.58847561
-0.57175726
-0.48941205
-0.48876537
-0.52727698
-0.59642355
-0.60280863
-0.53311838
-0.59627547
-0.10273298
-0.0011010261
-0.11374428
-0.062885763
-0.069326897
-0.14333662
-0.10063242
-0.037420216
-0.051364237
-0.012476399
-0.10087949
-0.13602135
-0.078480402
-0.0022410266
-0.032578538
-0.094237150
-0.077203026
-0.17840716
-0.0012036542
-0.013693404
-0.19294883
-0.086365897
-0.17897244
0.37102928
0.26006936
0.30680473
0.21681480
0.27852599
0.27380155
0.27946303
0.35337881
0.29710154
0.37575662
0.63227977
0.63320011
0.79904431
0.67413614
0.69260384
0.82344762
0.74782832
0.69929733
0.71880073
0.68672025
0.73273950
1.1210798
1.1754694
1.1733359
1.1898059
1.1921908
40.531121
40.730027
40.729815
42.320317
42.303422
44.100655
45.764791
39.605398
39.845589
40.835884
44.236096
44.489187
44.953017
46.692058
47.126874
40.875305
41.003167
45.366517
37.781246
42.526383
44.618066
37.671061
40.255685
40.397984
40.722412
44.204306
46.427610
30.106087
31.776364
40.850656
41.140247
43.851112
45.847218
46.707958
39.922617
40.874511
41.199233
41.174304
41.354196
42.277425
42.273519
44.198825
41.237336
45.700703
48.421908
47.345493
48.674681
50.393442
51.921480
51.869787
51.841563
51.819621
53.129482
53.682840
53.697917
53.991449
53.522496
48.253232
51.609358
52.769167
53.823671
53.814603
53.876015
54.026581
48.418109
52.656064
54.949438
54.977894
55.058050
55.242792
55.280810
52.870885
55.110480
55.390121
55.815707
55.787251
55.809165
55.821613
55.819196
55.656615
55.708140
50.286272
56.177608
56.173313
56.162973
56.154543
29.991481
39.902167
30.024943
30.225695
30.346373
32.612267
33.164525
39.622768
40.379209
29.715359
30.746879
38.377448
38.456146
38.483282
36.598692
36.732240
38.669145
38.697231
38.701880
40.956216
35.946700
36.687502
34.932488
40.035573
40.346119
40.336756
40.657442
40.687525
41.282841
41.358344
41.476754
41.579805
45.468278
32.883799
33.132353
34.227351
37.988802
45.153767
27.036477
32.558110
32.861570
32.914669
39.846578
39.839727
39.888463
41.909002
44.756941
45.920957
33.083285
33.062404
37.050367
38.431581
29.669179
32.543748
34.927060
35.159123
35.342850
39.259361
40.630571
41.525464
29.914880
32.740520
37.174994
39.142379
39.448492
41.992018
46.640551
56.475890
55.973975
57.465068
57.664400
57.860113
57.812122
57.759096
57.877249
57.152729
58.086528
58.219113
58.275621
57.956751
57.435935
58.493688
49.567942
50.597056
50.765330
51.302786
38.919981
42.401983
46.952243
46.915355
49.612596
49.985512
50.015241
50.056693
50.031444
50.827341
50.999221
51.173108
51.249840
51.218058
51.162012
51.203866
51.577566
51.530112
51.760164
51.581979
51.412089
23.626223
29.506642
39.397292
40.597588
49.512274
50.659327
51.207776
52.257686
52.201065
52.075728
27.460716
28.375837
30.371821
37.221038
39.089339
41.208482
41.204166
42.266253
43.535252
45.752606
48.395959
52.579219
52.295924
52.172744
51.929363
52.016919
52.020988
41.635896
49.782402
49.759826
50.931013
51.013925
51.022240
50.843102
51.789902
52.011893
51.966424
52.175628
52.221406
52.925024
53.103618
53.042873
52.939704
52.850183
52.700154
52.611684
52.567483
52.546457
40.453476
44.816130
52.640424
52.940944
53.357749
53.081010
48.643733
47.262481
48.082090
48.747694
49.238584
49.337165
49.310281
49.157336
41.392758
42.736322
42.643667
52.826175
48.708619
42.122301
45.145025
48.142899
41.094833
41.255167
41.420822
41.402050
41.644930
41.721142
42.005536
46.564786
47.163278
47.184690
52.414428
52.500479
52.590158
53.025084
53.392610
55.788238
55.827745
42.644635
56.369716
27.056629
27.496015
41.549936
42.853849
33.914193
39.333416
39.509015
39.685325
41.996945
42.138540
42.708801
26.905765
27.302940
27.483907
41.408253
26.505092
41.481720
44.556266
44.779823
39.536343
39.538109
40.608805
40.701977
43.712596
43.689151
46.998700
49.678137
49.901911
50.953462
51.306215
51.099642
51.085515
46.628331
46.532495
46.719346
46.690023
49.938463
50.213512
50.190415
51.210101
51.833946
51.887240
51.641191
51.646147
47.262653
50.023096
50.678902
50.729112
51.533195
52.094582
50.744181
50.925134
52.106381
52.207761
52.903357
51.924810
52.533480
52.546491
52.779636
53.156927
53.176950
53.319598
53.566459
53.604272
53.665425
53.249233
37.642899
39.162892
39.244896
39.315742
40.278268
39.481708
40.074982
40.327233
41.173791
41.238313
42.473609
42.432961
42.430520
37.792339
37.880006
40.682521
45.954683
45.229911
46.417701
25.149217
25.245870
26.898922
28.322780
22.930525
26.698001
26.701440
27.026444
27.077866
29.508924
23.274975
26.886107
27.459523
24.985217
27.538214
23.494305
25.221128
27.771726
32.430755
26.086654
35.186267
33.201639
37.501572
37.547458
37.621576
37.601567
39.062889
41.687345
45.244745
46.042494
48.749729
48.909657
48.785052
48.798513
48.710688
45.776773
44.561964
42.602813
41.446862
40.693036
37.613706
38.063381
39.381300
42.186780
47.470293
47.451944
47.577336
48.272696
48.318510
48.882768
48.826231
48.960894
48.992584
49.004024
48.963449
48.956143
48.924391
48.988749
48.964882
48.850739
49.037661
49.063097
48.955059
49.055842
48.864166
48.930051
49.011978
49.148865
49.034891
48.899604
46.944571
45.465826
45.356667
44.698978
42.385440
40.931823
40.430702
37.597629
36.958362
40.624370
44.636122
44.567132
48.955797
49.167862
49.293330
49.173938
49.212039
49.340131
49.288573
49.378977
49.815808
49.457879
49.421602
49.421547
49.362368
48.005480
45.864256
44.126759
43.898284
41.054704
37.940451
33.438683
39.899572
40.833499
41.060173
47.983197
49.795071
50.155425
50.163178
50.168350
50.189551
50.236845
50.383070
49.926572
49.992167
45.920087
44.478853
41.264628
38.791145
36.834005
43.100654
44.102686
44.131324
46.804600
47.640029
50.241962
50.543119
50.473888
50.676096
50.741586
50.756952
50.685380
50.825135
50.663218
50.704882
50.671969
50.623092
50.643334
50.239476
47.253053
46.437169
45.778147
45.833061
45.781072
43.407729
43.287014
43.141273
42.734515
39.437751
38.809533
38.817796
43.509187
45.725979
49.221132
51.078099
51.154940
51.082078
51.136543
51.211605
51.174871
51.039015
50.412228
50.351883
3.7205784
4.5000226
4.7731347
5.0626379
5.5833907
5.5544430
5.6036871
5.6700869
5.6853052
5.8400193
5.5696658
5.7735840
5.7480282
6.1277565
6.1959104
6.1762287
6.1906874
6.3024516
4.0658248
4.3750183
5.4984149
6.3312422
6.6194846
6.7148760
6.6674515
6.6532513
6.7142527
6.7827385
3.7929695
3.9335815
5.9284340
6.6322077
6.6418087
6.8253526
6.8345607
6.8604731
6.8703159
7.3176420
4.3278522
4.3856828
4.4073170
4.3724745
4.4007753
4.2995069
4.3121652
4.3924891
4.4309627
4.7570254
6.9535469
7.2188206
7.1853325
7.1869975
7.5875822
7.6879982
7.7627740
5.9021349
7.1310045
7.2088639
7.5421999
8.0526476
57.428655
57.498130
57.585421
58.501003
56.132149
56.089680
56.263223
56.299745
58.345194
57.114606
59.036909
59.765364
55.807419
58.620262
59.202412
59.285281
59.319035
59.424986
59.322039
59.461472
59.439522
59.449749
58.904393
59.896405
59.294203
60.128721
59.338573
60.394581
60.187844
60.157293
59.720548
60.897465
60.463406
59.995472
5.7481447
5.8598903
6.0481337
6.0206685
6.0828767
6.3896169
6.3587848
6.4495774
6.0259322
6.2909058
6.3698984
6.2904781
6.2576894
6.3696385
6.7162321
6.9282727
6.1074401
6.1673032
6.4313486
6.7727591
7.0690306
7.1975236
7.3502099
7.4439333
4.0546597
4.2594866
4.1513802
4.2384109
4.2476808
4.9947977
7.3591696
7.8414802
6.4016659
6.6831948
7.0162447
7.2400153
7.7985959
8.0107239
8.1817162
8.2568704
7.0417275
7.5768509
7.7828583
7.7681660
7.8065217
7.9283643
7.8141910
7.8577675
7.9543011
8.2341056
8.1452695
8.1061746
8.7145180
8.7698597
8.7521313
8.7586754
8.8923602
7.3309710
8.1522316
8.7091790
8.8840557
9.1120509
8.9885935
9.1181993
9.1652095
9.2164703
9.1531527
9.3519362
9.3381387
9.2531226
9.2668484
9.2314650
6.1084576
6.6976552
7.8364662
7.8973981
8.8129715
9.0504483
9.0452792
9.1174524
9.5321022
9.6272102
9.6807099
9.7084964
7.5807608
7.7277585
8.9834437
9.0123466
9.1825467
9.5928313
9.9524226
10.029849
10.016821
7.9027500
8.9891155
10.238485
10.304377
10.351138
10.561384
10.540559
10.595611
10.548320
10.477670
10.621229
10.546406
10.511365
10.430343
10.475885
8.3510626
9.3868810
10.386744
10.323462
10.437183
10.315149
10.293925
10.363569
10.329948
10.484186
10.783785
10.824589
10.877848
10.902859
10.896244
10.915242
46.880678
46.865384
47.336322
48.398995
45.591156
46.244530
48.815146
49.186666
48.538787
49.086620
49.020795
49.010345
48.994666
49.109698
49.145019
49.100463
49.101992
49.038116
49.062133
49.152220
49.043241
49.033992
49.026891
49.033237
49.126071
49.127848
49.101636
49.087774
49.077721
49.081479
49.090924
49.081464
49.087142
49.222581
49.050967
49.234533
49.057831
49.107067
49.098081
49.166735
49.078066
49.150996
49.154087
49.131474
49.177334
49.583417
47.504505
47.933229
47.951986
47.906362
49.718879
49.879137
50.139279
50.027144
50.453818
49.038031
48.944547
50.025340
50.073117
51.024154
50.438819
52.962864
52.978721
53.724910
53.341232
53.306522
52.960376
51.860807
54.222649
54.179247
53.921674
53.860907
53.723314
53.648563
53.685203
53.659325
53.653905
53.668506
53.652026
53.586898
53.271333
53.082056
53.367180
53.360821
54.293626
54.708932
54.689578
54.596898
54.037788
53.820417
52.770188
52.694415
54.211477
54.052245
54.382641
54.884762
54.842888
54.675012
54.616639
54.300883
54.926621
54.948640
54.926168
55.159106
55.185251
55.450218
55.518077
55.354452
55.149777
55.210755
55.190788
55.225790
55.089241
54.601789
55.140001
55.318470
55.313994
55.311704
55.917225
56.011508
56.043556
55.867962
55.939269
55.368213
54.799215
54.624812
53.696365
53.841547
53.472128
53.564336
53.591551
53.579933
53.547004
53.523414
53.205405
53.982034
53.714810
54.386371
54.087452
53.965268
54.066499
54.034831
54.799283
55.667716
55.702989
55.656096
55.485838
55.230698
55.233026
55.193307
46.928019
46.436956
46.104670
46.124848
43.433241
39.782389
39.761581
39.745556
39.686067
39.736237
35.787630
35.701949
35.326515
35.310068
35.151683
35.013731
34.764075
34.759067
49.127873
47.368858
43.943381
35.940473
35.536499
35.508965
35.011273
48.409846
46.398067
36.294342
35.655849
23.270087
51.171511
49.066256
48.755959
46.708474
46.047517
52.960301
52.938307
52.753630
52.835586
52.420355
49.492856
47.809581
35.986316
34.954540
34.932532
34.822843
34.831968
34.552970
52.476927
49.457916
48.093822
46.335286
46.335514
46.344202
41.663379
40.492384
35.247114
35.174299
35.231052
35.172419
35.153938
47.230370
46.492683
46.477898
46.150926
46.253846
39.971189
35.575104
48.698798
47.945065
47.866374
43.539311
41.780305
39.911945
49.105223
48.673948
48.633987
48.492382
48.479384
48.490418
48.417152
44.527564
44.585450
44.534197
42.664360
42.034210
41.986363
41.977179
41.960333
41.971370
56.915801
58.518833
58.721988
52.346134
53.438059
52.263362
52.131796
53.237575
50.315191
54.411263
54.430547
53.968952
33.699600
33.327976
33.170548
31.236546
29.141533
48.550243
48.403868
48.496988
46.089532
43.865462
43.751256
42.078338
41.700813
41.580471
41.497661
41.594795
41.390340
39.019589
38.972461
38.945894
36.298358
35.837852
35.872625
35.792829
32.517688
45.657595
43.842250
43.619273
43.514067
42.970085
42.931321
42.924453
41.695999
41.631287
41.586729
37.951918
32.872386
49.240181
45.698549
44.812030
43.622735
42.498932
41.479312
40.412283
40.378518
38.581454
38.565168
38.518058
38.212952
37.741843
37.121101
34.475804
44.960478
39.613908
38.912232
38.033351
37.996044
37.859502
37.721654
37.681679
37.718880
37.609785
33.679750
30.499898
48.836344
46.300605
46.025001
45.961405
45.948512
45.556020
44.834985
38.467551
38.166307
37.967418
37.997861
37.864683
37.864959
49.941300
49.160663
48.551662
48.440113
48.491157
48.464879
48.295801
48.357299
48.414639
56.927829
50.512780
47.147885
46.773603
46.437004
42.873789
41.745735
36.292648
50.741602
41.972201
41.871072
40.318414
39.955966
39.584568
39.211045
38.933298
36.600099
36.060853
53.686972
52.777174
47.428409
45.885170
41.380056
41.258278
41.016528
40.309987
40.167819
40.286938
39.919870
39.600099
39.546131
39.522206
39.393086
39.289386
39.237011
39.320131
39.258695
39.127548
39.127726
39.143124
39.164057
39.136092
39.104202
38.801602
38.657170
34.118959
52.929407
52.522573
52.446148
48.215669
46.483061
40.858296
40.487423
40.098824
40.137230
39.858676
39.895197
39.619570
39.720790
39.603973
39.568268
39.570313
39.523154
39.563258
39.545603
39.533762
39.552831
39.523670
39.518538
39.515498
39.463160
39.484591
39.418604
39.437106
39.580031
39.493030
39.496997
39.495726
39.428994
39.401038
39.328347
39.447954
39.388453
39.319109
39.370465
39.181838
39.035385
36.909276
32.174296
58.370391
56.508181
54.237820
53.509624
49.413981
49.419526
42.764180
41.104528
41.050782
40.842070
40.743079
40.684222
40.406505
40.115931
40.016521
39.902969
39.820419
39.810557
39.889446
39.804324
39.716234
39.735278
39.748138
39.626065
39.641488
39.562187
37.042041
31.605471
30.826018
30.844597
59.158429
49.571319
41.098858
41.072723
40.992785
40.965525
40.926967
40.937452
40.914559
40.967030
40.968206
40.875418
40.967025
40.935962
40.858227
40.866634
40.854133
40.895642
40.784057
40.722415
40.665052
40.591028
40.686960
40.534866
40.562349
40.547312
40.520593
40.542695
40.314730
40.247644
39.991807
39.597803
39.630386
39.048882
38.972806
39.027874
37.904321
35.900133
33.037599
33.084635
31.699780
31.499118
31.483967
31.433266
31.409944
30.828254
30.326397
30.225021
28.902304
46.190051
46.437963
46.320993
47.006747
47.018941
46.977046
46.835962
45.460863
41.407017
40.104141
39.791629
39.143147
39.082208
39.060435
38.869109
38.347779
36.423484
36.073036
36.133966
35.934583
35.775857
43.129168
41.688540
41.089903
41.072085
40.981428
40.591108
40.496398
40.130900
39.870693
39.890418
39.628911
39.618706
39.527357
39.586618
39.377337
39.305125
39.433436
39.483307
39.384565
39.281395
39.258844
39.342433
39.302902
39.170947
39.149031
39.148475
39.023550
38.863802
38.812201
48.521973
48.465756
41.181038
40.488724
40.475640
39.903661
39.727983
39.755500
39.698940
39.708311
39.683878
39.615792
39.655909
39.669597
39.647482
39.627411
39.620514
39.528499
39.587502
39.315672
39.167842
39.195245
39.150815
37.255020
49.389105
-1.2554852
-1.2531213
-1.2467451
1.0254220
1.0407491
0.84179334
0.93200671
-1.1839390
-0.77029364
0.13988883
0.45922764
0.92048192
0.91195476
1.0257100
27.580460
35.946144
36.103663
39.409741
24.160622
34.811294
35.377371
37.191260
28.349254
31.817351
38.351769
38.344020
39.776304
40.087692
22.900780
36.354590
38.966160
39.189897
43.992528
7.1767771
6.7534200
7.6416262
8.0548617
8.2279843
9.1786921
9.2394370
8.8879190
9.1397826
9.1610459
9.9374487
8.3672393
9.0098779
8.8380197
8.9424662
8.8865354
9.0743555
8.9846292
8.9300697
8.9400448
9.1133202
8.9615860
9.1303856
9.1230918
9.0354615
8.9587732
9.0156689
8.9444065
8.8140369
9.2365184
9.3440425
9.3655248
9.4225048
9.5557722
9.3836964
9.4917023
9.3730416
9.5443267
9.4973408
9.5283243
9.2761100
9.2177776
9.3196583
9.3460778
9.3619066
9.2650109
9.2962279
9.2866749
9.3080666
9.5194347
9.5140148
9.4920432
9.7291031
9.7153225
9.8534073
9.7950339
9.7930224
9.6955241
9.7656837
9.7888901
10.264138
10.340401
10.091743
10.150638
10.213532
10.229512
10.243122
10.281421
10.670613
10.613224
10.701225
10.687022
10.804357
10.778492
10.462479
10.504204
10.492028
10.493989
10.997574
11.134224
11.176601
11.218056
42.869321
43.506797
43.587589
43.875568
43.903355
44.041306
44.066135
46.174585
36.315868
38.561447
42.821800
42.972067
45.526345
45.571201
46.360573
26.372556
36.936181
44.012720
45.964614
45.822122
45.907245
46.430517
46.441545
46.574538
46.625677
46.770319
47.053723
47.079823
47.363914
38.563409
44.625366
44.745767
44.844682
45.232587
46.383329
46.378882
46.441544
46.997787
46.998419
47.372754
47.437340
47.436878
47.527929
47.635716
47.860445
37.682552
45.084649
46.218908
46.821211
46.814280
47.035535
47.063480
47.817228
47.806206
37.504819
37.674942
47.094966
47.847510
48.092275
9.4446362
10.013692
10.376146
10.530476
10.681985
10.831146
6.8282121
7.5984661
8.0374890
8.7478463
9.3975250
9.8357994
10.260618
10.824333
11.000227
8.5106751
9.3424452
9.6491937
9.6167082
10.432440
10.362843
10.846475
11.105211
11.054866
11.061108
11.079971
11.095535
11.090086
11.245736
11.138557
11.514742
11.626130
10.110443
11.000241
11.489903
11.666018
11.606332
11.702199
12.079538
12.040311
12.103434
12.203540
33.742765
33.790913
34.378311
34.293930
35.290933
37.575415
30.119134
33.468128
34.674377
34.862180
23.755680
27.840132
37.246717
37.823143
25.684702
36.769857
25.439506
38.878375
39.675714
25.608669
23.390067
23.435065
25.122290
27.093470
21.747482
21.732580
24.953760
25.425804
26.304972
35.554319
35.551745
37.567659
37.888859
34.553213
34.862270
34.667368
35.001703
37.364000
38.728755
38.366249
30.007091
35.788332
35.796175
7.6879603
8.4393509
8.9910589
9.0087898
9.0957629
9.1937809
5.2161188
5.2905477
5.3040253
5.3857797
5.4750695
6.9599558
5.5873409
9.4459805
9.5209542
9.7361324
9.8831438
10.000286
10.303940
10.276762
9.7624877
10.962606
11.120953
11.172957
9.8863804
10.108821
11.247734
5.7587003
10.152489
10.108694
10.920065
11.228566
11.200685
12.489246
13.088124
13.043790
8.0796894
10.085448
11.060860
10.988118
11.660738
12.440479
12.414720
12.539735
12.533284
12.599643
12.680914
12.732813
9.6227232
10.159247
10.231721
11.412446
12.126647
12.098212
12.305331
12.651776
12.577366
12.856348
12.873329
12.835048
12.829412
12.827097
12.857209
13.173694
13.312839
13.293624
9.6086383
12.694512
13.254069
13.245788
13.661730
13.729852
13.783312
13.897417
11.645299
12.988573
12.949952
12.957753
13.388046
13.617744
13.674531
13.727938
13.709451
14.171119
12.549874
12.573397
13.451985
13.576050
13.599845
13.633183
14.103837
14.335045
25.014638
24.453083
25.772641
24.537425
26.094981
22.909680
24.780226
25.738715
28.148535
29.491376
22.443010
25.990943
27.241108
28.171309
23.810820
30.784114
25.509070
30.917353
30.175331
38.383690
38.438437
38.877121
38.983864
39.149349
39.085492
39.013749
39.124322
39.043622
33.605868
33.990718
35.622138
36.091323
36.058638
36.081958
39.099250
39.376215
39.421374
32.468292
33.006386
38.109234
39.782536
39.982895
33.014600
33.420730
33.401829
33.754953
34.986585
35.995186
37.384892
37.459624
37.446426
38.375362
39.948769
40.138862
33.556961
33.624002
33.649506
33.738156
33.720075
33.744998
33.710481
36.213989
36.247815
36.231430
37.582531
38.745390
38.843203
38.764903
38.842934
38.793630
39.646370
40.769290
48.644432
48.667532
48.595010
48.445478
48.293903
49.141430
48.501133
47.253866
49.607705
49.184543
48.989763
49.879776
49.678631
49.533036
47.818890
49.969537
49.892818
50.792134
50.728068
48.819181
45.090403
41.566280
41.004485
40.853728
45.226707
43.580609
42.506870
40.552488
40.537892
40.539403
45.616043
45.615169
45.403540
41.233580
41.030206
46.730211
46.706979
45.977695
43.334604
44.395565
44.428235
44.613373
44.588389
45.619317
46.301796
46.279026
46.304303
45.655759
43.653812
44.957216
45.128569
46.796593
46.773056
46.827512
43.725093
43.859283
44.033599
45.747954
46.289219
47.168162
47.096013
44.593784
45.917001
46.102938
46.038801
46.989950
47.169347
47.656663
47.205565
47.085820
46.298807
47.025047
47.052423
47.466364
47.470665
47.831273
47.990482
47.992590
48.049586
47.927540
47.775101
47.764471
47.765516
47.630850
45.269262
46.554011
47.699421
47.696295
48.087726
48.327603
48.155288
41.830773
41.007153
45.366018
41.170842
38.946886
46.819196
46.907178
46.936047
46.154066
47.288983
47.332476
47.343851
39.921127
39.944483
39.616117
44.577707
40.372067
40.184585
38.716804
38.720948
38.976274
39.003253
38.990526
32.919194
35.060052
37.756693
39.065584
39.157176
39.331320
39.333550
39.163859
39.174940
32.513008
33.974307
34.048086
34.031503
36.618616
37.248796
37.185748
39.426663
39.561067
39.687392
33.107266
33.126677
33.195266
33.300686
34.436031
34.731670
36.606855
37.203945
39.952472
33.428328
33.515802
33.650459
33.661668
33.650674
33.704508
33.848550
33.900850
34.427194
34.664356
35.315485
37.155499
37.491465
37.497878
38.446996
38.619838
38.654470
38.657202
38.636115
38.551022
38.643429
39.846547
32.592950
33.142973
33.529693
33.838185
33.867540
33.867966
33.880795
34.008177
33.888089
33.927423
35.474854
36.349683
37.408591
37.590026
37.647068
38.129300
39.050943
38.981000
55.049975
49.155782
49.174317
48.877690
48.614741
42.701498
41.759488
41.614648
41.611136
41.578339
41.467144
41.539478
41.504822
41.581785
41.562790
38.151953
30.085213
29.921541
29.511694
50.359331
47.239969
44.272201
44.116747
44.172256
43.913294
42.689798
42.130953
41.903749
41.770979
37.368773
37.060788
35.977633
35.415686
35.102225
35.056409
56.988744
49.851160
44.007558
42.297712
41.461037
41.153060
40.317973
39.419044
38.311333
38.079499
37.798209
37.385434
36.923163
36.970863
57.173817
56.464545
56.071104
56.171142
54.794694
51.020302
51.047793
49.666003
45.533902
45.364591
44.971703
39.846576
38.231212
38.125292
38.078034
38.034320
37.982846
38.067180
37.949084
37.928133
37.831064
37.517602
37.477469
33.931147
33.773059
33.595336
30.711042
30.721158
55.095451
52.614619
52.637613
52.529084
50.697594
48.146077
47.759985
46.748453
46.105953
46.166192
44.699513
41.148576
39.334455
38.592664
38.587938
38.339038
38.190435
37.974751
36.190667
35.836977
35.609325
57.108996
55.741934
53.522033
53.526621
51.002837
49.506460
49.501347
49.478867
48.674419
48.613300
48.497649
41.358723
39.975657
39.216715
39.121084
38.806447
38.676187
38.648213
38.305556
37.233892
36.200422
56.417042
49.429155
49.430526
49.387902
56.270719
56.736640
56.826356
56.656442
56.671344
55.925154
55.187728
55.212419
51.561925
49.726089
56.034954
56.045399
55.521443
49.369825
56.877124
57.565914
57.596508
57.672930
57.063866
55.856009
57.845909
58.092594
58.039062
57.367779
56.516920
56.120947
55.001723
54.010750
58.367151
58.414408
58.385269
58.380722
58.360716
57.812599
57.847585
57.762425
57.761369
57.489786
56.979291
56.616576
56.630480
56.621690
56.537226
56.006523
55.814076
54.738241
54.713580
46.635284
46.347230
45.539998
41.160365
39.890242
46.615652
46.461787
46.309554
46.309431
46.316227
46.245075
46.341756
47.299962
47.309959
46.580795
44.052980
43.333905
40.599158
40.068531
47.883323
47.848675
47.719712
47.741296
47.766430
47.760104
47.750227
47.757409
47.695784
47.737097
47.807012
47.708887
47.512397
47.397115
47.393865
47.381127
47.202934
47.258121
47.124033
47.151388
47.063295
47.054809
46.934969
42.484474
42.410114
41.829354
40.784841
48.081725
47.933432
47.611605
47.433049
47.351547
47.402035
46.563847
44.576154
44.137696
41.257341
48.270590
48.345412
48.239364
48.308464
47.783151
47.676657
46.824284
46.793347
45.973243
38.420396
36.080046
30.255119
29.619713
27.830679
39.527008
39.516759
30.889458
29.980631
31.190581
40.580654
30.789467
10.669262
10.553157
10.544593
10.685710
10.559538
10.594140
10.707378
11.315507
11.316446
11.238470
11.369027
11.404361
11.390060
11.046929
11.021899
11.800921
11.415315
11.793050
11.877146
12.125754
12.180756
11.906467
12.493645
12.696483
12.705301
12.230636
12.267079
12.333171
12.937664
12.947136
12.946614
13.163957
13.378044
13.278107
13.310574
13.424798
13.437615
13.478954
11.238861
11.131796
11.096902
10.868121
10.878485
11.275816
11.203152
11.200761
11.250650
11.693662
11.608506
11.625043
11.727141
11.624768
11.636231
11.511801
11.594923
12.065623
12.044302
12.880585
12.689254
12.592579
12.725261
12.522877
12.609036
13.102306
13.091069
12.919312
39.245069
39.501596
44.142100
43.979590
44.005219
43.523290
43.552295
43.534803
43.554435
43.556144
43.511672
43.451082
43.423271
43.548355
43.426288
43.447007
43.344679
43.438545
43.446620
43.341179
43.268333
43.362772
43.293752
40.216312
43.813299
44.193705
44.400478
44.395548
43.924577
43.757083
43.745323
43.737525
43.704668
43.726326
43.498303
43.301181
43.267274
40.023861
38.959010
43.633005
44.093107
43.938773
43.825094
40.017899
38.413898
38.229083
39.657373
41.114298
44.334179
45.290192
44.524819
44.678598
43.566297
40.215867
39.943594
32.117273
42.770434
44.097486
45.760968
45.288878
44.963353
42.855662
38.808304
38.627924
38.042220
37.949360
33.979903
43.704730
46.255452
46.166820
45.814523
45.651437
45.385125
45.345623
45.426819
45.327458
45.283680
44.599149
37.252593
41.464040
43.156929
43.309575
43.363785
43.350283
43.376321
43.270740
43.191534
43.202545
43.209058
43.136795
42.764251
41.712545
42.294744
42.333142
42.452408
42.521822
42.825494
44.008784
44.193861
43.623491
43.679123
43.594173
43.704285
43.654622
43.570064
43.477036
42.470802
39.259257
37.494795
37.503247
37.075611
34.296258
40.564707
40.873476
44.748242
44.655249
44.662958
44.491413
44.024396
43.766418
40.319813
40.377421
40.309581
38.851372
42.708033
43.016374
43.099113
43.907084
45.058340
44.891910
44.472608
43.817494
43.073979
41.306788
38.025946
33.857352
33.476253
33.391799
40.945045
41.888616
42.277159
43.346092
43.450971
44.030932
44.021823
44.069982
44.046882
45.113183
45.434467
45.145958
44.936665
44.829745
44.882168
44.432795
44.152247
44.140540
40.963800
38.484407
34.462971
43.614941
44.049662
44.090948
44.071385
44.261041
44.271706
44.327386
45.292693
45.733472
45.847455
46.009500
45.362433
45.361720
45.376441
45.296836
44.821078
43.362008
40.954201
39.471516
38.756463
38.011094
10.617164
11.264153
10.833194
10.898270
10.728170
11.364416
11.505462
11.475644
11.438875
11.631941
11.534838
11.604550
11.624707
11.345066
10.917797
11.007895
10.562091
10.042381
11.385418
11.809860
11.923716
12.048636
11.892879
12.032492
12.016179
12.041608
11.886646
11.634116
11.592426
11.673011
11.728963
11.443587
11.447559
11.366823
11.096518
11.097398
10.912677
10.918424
10.942859
10.935180
11.010709
10.999249
11.000420
10.996352
11.021182
10.887922
10.958753
10.984234
11.038567
11.052965
11.197356
11.638907
11.886764
12.079049
12.063477
11.883558
11.790132
11.936951
11.740049
11.745824
11.916110
11.781474
11.797033
11.401418
11.359612
11.780005
12.161565
12.170865
12.141046
12.194405
12.512303
12.586156
12.912675
12.855849
12.552642
12.397198
12.298256
12.354667
12.237752
12.346013
11.906981
11.952488
12.127955
12.128765
12.201005
12.926588
13.205191
12.905175
12.980153
13.025667
12.985418
8.6752280
39.139551
41.168920
41.154518
40.386111
40.107304
40.248961
41.845816
41.473360
40.722889
42.248700
40.567018
40.827952
40.958911
41.398106
42.616501
41.030722
42.492081
42.947939
42.935339
41.390001
41.348652
41.637354
42.119663
42.150823
43.356284
43.120407
42.884030
42.938449
42.865628
6.1762224
6.0756803
6.2919070
6.3029529
6.3428978
6.3244907
6.2867388
6.3540973
5.7923709
6.5502102
6.7797334
6.6900753
7.1796940
7.2039896
7.2008972
7.8448911
7.8135081
7.9256856
8.3048061
8.3875376
41.611032
40.992399
41.055148
38.673215
40.553156
41.989944
42.037159
41.894490
41.918521
41.929663
39.156226
38.668786
37.494073
37.448216
37.349178
37.444272
36.794150
36.719544
42.205520
41.969860
41.676345
38.142317
40.946150
40.862162
42.608353
42.722477
42.644755
42.329786
41.188363
40.277315
39.312645
35.274651
42.503923
42.529724
43.236820
39.772147
37.452331
43.348081
43.460939
43.681433
43.612278
42.998361
42.145770
39.584952
38.134222
36.924389
36.913804
36.883200
36.857985
10.713793
11.247153
12.251177
36.092091
35.800657
35.691602
35.612911
34.284367
35.913487
35.897733
35.732652
35.664663
35.338889
35.269311
34.892106
34.864998
35.267169
35.377248
34.765310
37.424487
36.885237
36.326305
35.331965
32.927373
31.887820
30.676921
30.657933
37.382703
37.312193
36.031790
38.182296
37.024431
36.346461
36.210088
36.119804
6.3291992
6.3161510
6.6644395
6.0808942
6.1728066
4.8415459
4.8261234
4.5303634
4.5708797
4.5019714
4.4672486
4.4800670
4.4908299
4.5527017
4.5140010
4.4282109
4.4820681
4.4774739
4.4978369
4.4674058
4.4190908
4.3916306
4.2457436
4.1951542
5.9243514
42.713397
30.240114
44.443502
40.223558
39.960682
39.768897
35.822020
35.658213
51.697740
45.290570
45.274210
43.261729
36.109885
43.665954
23.153192
23.142353
41.570504
52.913256
49.100866
47.376155
47.417519
42.929878
42.944096
42.777979
42.438222
37.712793
35.284902
35.218811
35.135751
35.134112
35.087008
35.110280
35.109562
35.180068
35.041126
35.004207
34.997544
34.846664
33.177878
33.029869
32.846391
36.498125
36.358215
38.193845
37.527422
36.543230
36.503196
36.094247
35.627694
40.420920
39.985197
39.984775
39.168402
38.224920
37.995254
38.011826
37.471419
37.515558
36.818538
36.565220
36.553370
36.533909
35.690301
30.803290
28.811878
28.621918
28.708869
27.544807
27.618245
27.582864
27.618074
26.274419
22.066526
39.496202
36.632539
35.663415
27.187651
23.069718
41.228486
40.461755
39.747436
39.641892
32.809864
32.216685
30.312834
30.266989
30.259301
39.866369
39.797913
36.835374
32.825564
37.663934
37.665829
37.294755
19.212575
29.643584
29.572822
29.647435
29.479131
29.513169
29.521907
29.468906
29.418492
29.384375
29.292375
38.468034
30.534602
29.923506
29.851669
25.302729
38.755722
29.808905
29.429515
28.590553
22.335718
21.055337
32.410327
27.622603
27.599066
27.605137
22.411791
33.148593
33.081130
27.204984
27.205821
19.416620
33.160653
20.206872
24.273406
23.215008
23.072046
20.315276
20.254869
20.247710
25.037850
23.440441
23.511739
23.505090
23.462666
23.471236
23.442727
23.441374
23.309929
22.026012
34.525383
31.490432
24.493129
24.382708
23.891816
23.711122
23.710442
23.681113
23.667881
23.393435
32.751168
24.698280
24.467304
24.127818
24.094386
24.063637
23.901538
21.406170
34.664401
24.522599
38.660483
45.437817
38.002914
44.404956
41.280546
41.076584
38.299428
37.416675
36.702042
35.981424
45.845526
45.888165
40.118682
37.159523
35.255794
35.121401
34.994037
35.002803
34.979619
34.971351
35.013286
34.935954
34.992055
34.940215
34.964939
34.896351
34.828988
34.782138
34.730370
34.312716
33.100889
32.618556
31.894393
26.108484
24.027794
23.384134
23.233844
23.212421
22.756521
22.397756
23.695141
23.579826
23.573839
23.621520
23.303150
23.332572
23.300365
23.243044
23.199537
31.993134
31.690262
31.665642
31.463120
23.819434
23.715985
23.770681
35.135706
31.276096
23.898526
33.037721
33.035399
33.019516
13.637014
13.501830
13.942473
13.131891
12.993006
14.552543
14.382040
14.393061
9.5064169
30.351390
26.912759
26.642848
23.352893
23.200660
31.525603
26.963407
23.294804
31.102421
23.945880
29.079331
12.503780
12.588232
13.005309
12.887214
14.280414
30.051390
27.648922
27.013011
26.923404
22.814205
23.968955
21.581689
24.324633
23.663850
23.611835
23.616552
23.574383
22.364661
23.744179
23.666288
23.742057
23.549286
22.521382
30.099080
29.512417
29.454533
29.450148
29.443670
29.365070
29.405472
29.319760
29.108586
29.153180
29.155642
23.877502
23.739858
22.922124
22.807416
36.238120
35.900490
35.339587
35.131520
35.154237
34.723522
35.242852
35.198931
37.009398
36.144785
36.226571
36.209629
35.834781
35.518147
35.280973
30.175137
36.571586
36.030194
35.902658
35.815172
35.599211
35.574301
35.623023
35.312039
35.076149
37.882970
37.269108
37.077584
36.401052
31.233072
21.578687
38.503042
38.337661
37.122190
36.302239
36.136532
34.998052
30.189321
27.464701
21.965351
22.785284
22.797403
22.278766
22.248897
22.326319
21.883175
21.974848
21.824034
19.998389
19.932984
23.784885
23.643462
22.250640
20.971164
23.861236
22.905165
22.901263
19.374438
54.531119
54.559161
54.549408
55.729307
57.359747
42.749375
43.023286
44.790513
42.443725
44.724314
51.131664
45.359782
44.986046
45.248491
45.772331
47.778067
38.760749
42.425114
48.478992
42.384618
48.312860
18.974008
10.646986
11.640275
12.450838
11.013781
11.219071
11.946745
11.953436
12.377239
12.710914
11.482152
12.460108
12.485911
12.555464
13.111782
13.056259
13.071594
13.091322
13.093501
12.994504
13.040935
13.381149
13.622759
11.680886
11.751018
12.445090
12.764959
12.961303
12.987311
13.058546
13.285392
13.447108
13.880246
12.386503
12.941660
13.052326
13.039148
13.026477
13.390829
13.769494
13.937458
13.957715
13.951802
14.197752
5.8962976
7.8065972
7.4981405
6.8632011
7.5120192
9.3170541
9.7782323
13.624908
14.570411
15.164204
15.639076
15.510166
15.422842
15.259100
36.502470
38.931576
38.924180
