ra
42.983860
51.687204
3.0253828
7.8003829
18.035980
51.317759
42.198424
43.777487
43.752976
50.940141
41.699907
20.667510
359.36443
7.4555946
14.076733
15.757201
16.069987
21.348594
21.510454
21.645881
21.899571
21.929201
22.433275
23.510277
27.220258
38.672739
40.595329
41.243767
41.327485
43.332651
44.846674
45.156257
45.704361
45.954587
47.408721
48.053609
47.999471
50.188847
50.504265
52.707831
52.713074
53.185703
53.814078
355.35806
358.37922
9.1218489
16.070688
16.170124
20.801562
22.008928
22.845524
26.867411
29.228504
32.675524
32.776477
33.993687
39.433611
42.211663
42.896317
46.718431
47.202566
50.501402
51.004064
51.308046
51.327675
51.510191
51.587201
51.596833
51.644173
53.238581
359.07837
359.12776
17.659389
18.202538
18.239273
28.899583
36.887219
42.161219
42.532743
44.349455
46.378537
47.947752
48.190443
48.438409
50.245424
51.609450
53.402581
56.110516
352.63350
352.60698
30.065304
41.152893
41.688051
47.925902
47.957857
48.038006
50.199747
50.696164
50.741654
50.943137
51.094254
56.252404
354.78602
355.82508
358.96655
359.03257
29.717925
38.667520
47.142984
47.110165
49.863717
49.945911
50.913981
52.708406
9.8059070
9.8243327
10.547147
16.844075
20.452143
37.998244
38.177369
41.360868
41.364805
41.378920
42.216294
42.634955
49.483607
49.767682
49.792745
50.611609
53.177721
241.49924
237.17901
240.37006
241.66018
241.80649
243.58320
245.38188
236.88155
237.26199
237.42104
244.18151
248.91089
248.92007
249.46691
249.82068
238.23096
180.48187
210.92705
211.64336
222.70627
228.06330
166.13327
166.28840
167.25726
171.39616
171.44804
180.36636
188.24853
194.31313
197.20880
197.23062
197.26516
212.61182
213.06501
213.75262
230.94629
234.18839
150.44232
165.63871
166.40824
204.60863
213.49006
220.23484
221.54635
230.89160
231.84856
241.67824
168.58020
173.65985
173.84699
180.27081
189.96874
200.46628
208.42832
218.91699
221.07871
222.84758
223.71554
226.72858
237.23196
237.33037
237.49808
240.98092
170.20006
172.62220
180.09965
182.36937
187.20484
187.78487
187.79602
187.74808
189.84349
207.77529
212.75914
214.26853
218.52438
218.54691
225.27346
225.28450
226.69983
237.24018
237.39911
240.13676
249.17575
162.21920
162.67766
176.22100
182.76695
190.22348
197.38287
210.34856
217.50239
220.59838
220.64184
221.86918
226.69003
226.70258
156.14976
160.14433
160.89477
162.28947
165.90984
166.69776
167.31173
169.15822
170.00613
170.63385
171.15441
173.03847
197.59900
199.16385
203.27228
210.79915
213.75735
216.88133
222.67735
139.39556
148.87999
154.36279
154.47416
156.72745
159.02340
161.58263
162.35361
163.02828
179.80363
182.57445
191.12026
202.58175
209.15396
219.21038
141.44046
146.05731
146.29986
146.35581
148.97951
150.47060
157.46933
159.83522
163.96634
165.15012
168.01077
168.31001
170.18828
174.76390
184.54552
189.52223
202.26348
214.69211
217.44186
219.67910
226.91387
227.25433
133.49450
143.80976
150.29836
150.37372
151.98507
162.42151
162.43679
162.49522
162.49747
163.02331
167.16508
172.81941
173.58544
182.55193
189.69365
189.70060
189.75471
200.34624
202.49966
209.70270
221.24609
236.22178
143.66383
145.84747
145.96965
146.02093
146.01690
147.51311
148.33423
150.10154
151.45765
151.46113
155.63069
156.58805
156.80852
158.71075
163.29866
163.60869
171.90897
184.85511
187.69791
188.27514
199.25057
199.47122
218.13436
218.33731
218.50933
223.36884
227.56349
147.89587
156.14900
162.45936
163.11918
165.44022
180.87303
190.11289
212.88936
10.355416
18.976217
27.298423
22.769837
25.861113
27.250264
27.389693
9.9096582
17.235317
21.854985
28.601707
28.748308
30.520788
31.332833
31.372019
9.5988335
19.750208
21.348689
22.903402
30.857132
30.971807
22.128665
24.080614
29.567608
31.232334
33.455380
19.590342
24.728203
24.702450
24.716447
29.304057
29.322936
29.484786
32.878223
27.260551
27.308582
29.265720
29.326656
28.560469
20.067160
20.472173
21.342238
22.224055
22.175141
24.000739
29.894703
29.879028
11.876411
18.757321
20.848347
24.757915
29.290769
29.460802
31.935294
32.912787
20.616603
30.935857
30.957484
33.161454
37.922306
41.169377
42.389498
43.175770
46.278357
47.753212
48.350990
54.213887
55.539039
56.964075
57.699045
40.228778
43.097488
46.480262
49.452213
53.495044
53.920324
60.680525
61.989984
40.941426
41.189259
41.421887
41.541511
42.290131
42.449227
47.053166
54.983233
63.051906
41.547530
43.311247
44.745780
45.115536
53.573927
54.471837
54.533859
59.591101
61.405962
46.626942
59.545721
43.018683
43.055091
46.450291
46.344445
51.257005
60.409517
348.10109
348.80936
348.90524
348.70778
349.53496
347.32408
349.70956
349.82924
349.87323
177.39749
177.45739
179.90991
180.34128
185.97494
181.84264
185.28407
199.90279
176.92329
183.12305
185.51433
179.64011
200.37713
176.27655
176.29122
176.31264
176.33707
182.63407
186.78211
177.40155
177.40904
177.41551
198.46235
181.23201
200.56118
175.22573
180.23973
183.16356
183.20110
186.40286
186.84544
198.93965
198.86041
178.25813
186.54680
188.97863
176.34334
176.68467
179.53878
182.56763
182.75670
177.40143
183.47823
199.05854
140.37272
147.39153
147.46023
146.23185
137.17432
139.20848
132.16756
139.97994
139.99872
140.00905
146.52032
132.38440
135.29331
135.37880
138.83774
141.16199
118.27940
120.38464
120.40287
120.42748
122.36347
133.39521
119.83483
133.02722
134.64312
138.06651
133.02058
133.00201
133.91204
120.36013
121.96464
122.67919
134.41918
136.31001
154.09583
154.22101
154.00154
154.20573
154.35816
154.52098
156.70212
158.51402
158.54119
158.56004
158.86694
158.44529
148.53421
159.26367
252.02559
257.58223
257.55153
255.81396
257.95745
258.02761
257.90724
258.15870
257.95757
260.02190
257.47930
258.52772
258.72348
258.82736
258.86903
258.84568
258.84688
258.65011
258.88205
258.88517
258.85111
258.65683
258.78572
258.85199
258.94751
258.82028
259.03128
259.64704
261.03639
256.98947
257.24738
259.89501
257.19053
257.71206
260.68923
260.61629
256.72182
257.43359
257.47438
259.30880
260.43603
261.70615
261.72114
261.49229
255.92169
258.50327
258.37362
256.75685
259.12019
258.93168
258.92019
259.09992
259.14623
259.07532
259.37622
261.46899
259.68210
259.83305
260.22812
260.38644
259.11625
260.84834
260.80000
261.12975
261.12842
261.27854
261.08179
133.76411
137.30584
154.07585
154.12672
156.55727
158.41257
218.57075
227.06827
233.75088
235.94315
123.19791
133.47956
133.54299
134.03181
205.87662
205.64779
212.48318
213.12781
240.88175
247.51139
248.91466
249.55759
130.76631
135.05686
214.98762
215.28786
215.32980
215.23093
215.33175
215.39936
215.40115
243.31393
249.82987
249.99916
250.70267
251.98972
251.90314
252.18988
116.84777
130.96387
132.82370
133.16258
157.09945
202.88304
215.70533
227.56596
245.45438
251.66923
252.71314
120.03333
132.49812
255.71510
255.89527
255.87753
128.39063
131.09814
131.20507
129.87587
164.13001
188.00631
130.70352
131.38154
131.46331
131.45876
131.52051
138.81023
115.16368
121.30777
121.35711
128.17827
130.14041
131.36296
132.23420
132.55218
132.47587
132.53155
132.59492
132.72105
155.93748
156.55718
161.27476
208.67703
209.57924
209.61746
215.98749
116.57613
116.78715
117.41247
118.39369
118.64896
120.91884
128.40581
129.17477
131.10591
131.15841
131.22304
131.22635
131.34664
134.19379
138.30250
153.73715
160.06478
210.91387
112.97914
116.69110
118.02048
126.01532
129.01491
129.24275
131.11512
133.64543
160.42406
162.15809
162.25090
164.31666
209.53437
211.47228
211.48902
211.45370
211.43419
116.85492
119.97680
120.13857
154.36871
213.47316
257.63040
259.67120
259.98273
260.96302
261.75643
259.79543
261.73017
261.80853
262.00590
262.67639
262.68690
260.07213
261.46396
261.71958
261.84122
262.20411
262.39597
263.20537
263.03319
262.58929
259.36751
259.77872
263.41250
263.69084
264.68025
264.52248
265.07932
257.07736
260.49722
261.08806
261.25863
262.10003
262.07493
263.45815
260.74676
261.11991
261.82241
261.88212
261.93353
261.95497
261.98028
261.90300
262.18334
262.26548
262.86584
259.06375
259.34924
259.32223
261.96890
261.96021
262.07546
263.52528
261.55727
263.05082
262.99672
263.06039
262.95957
263.02251
263.24448
264.23956
264.08150
264.53870
118.71330
121.74482
116.72920
116.75855
116.78507
118.75532
119.93613
121.40797
117.16690
117.31963
117.34155
117.09382
117.15892
117.30367
117.14433
141.94890
209.11963
213.82885
157.37032
209.47306
209.70669
220.40766
221.00329
227.92067
241.77801
162.76251
210.67474
166.68310
211.43128
212.35701
216.65670
241.03938
242.59793
242.70361
242.84825
176.16271
217.36087
240.35246
241.28792
242.79086
154.62982
163.69099
180.02893
128.54118
130.92365
131.61449
131.49774
133.25937
128.11718
131.28767
131.49109
134.91039
128.73380
129.13785
129.04843
130.46637
128.32891
128.88538
128.89818
133.70488
249.39073
250.52142
253.12123
253.48469
253.21718
253.50162
253.47056
253.46218
253.34603
253.52567
253.47518
253.61999
246.45697
250.73461
254.48733
254.45671
254.68628
254.82898
255.10151
255.10325
255.25869
255.52739
251.36159
251.45848
254.68536
246.37704
247.36640
250.27735
251.46622
254.53561
256.05240
256.03253
256.07607
256.24290
250.25600
254.51196
255.57888
256.67312
180.52257
181.08333
181.06937
181.41941
181.41969
181.90868
186.16120
194.50496
197.79975
197.86739
198.27420
199.68956
205.83096
212.85929
212.82984
213.08409
217.85247
219.32327
220.84273
180.67787
180.67599
180.86975
180.90677
181.11278
181.12071
181.05454
181.12280
181.22199
182.13021
186.14608
205.54886
205.56261
213.47793
215.78726
218.20945
227.43250
227.48136
227.89569
181.32493
185.75456
199.28969
202.59912
206.69660
214.23949
214.65706
216.27820
221.71191
221.74436
222.00742
225.00166
227.46400
227.84408
227.88689
227.85588
228.08595
228.23848
186.23549
217.79349
228.27543
228.37498
228.44118
183.99059
185.67642
196.96167
203.95103
213.58814
216.80741
216.83389
218.60331
219.00840
219.11128
219.81468
222.73464
186.05843
197.59132
216.27294
216.28073
217.13881
181.66410
193.33840
210.41508
216.83486
141.68635
164.25726
164.29629
164.35502
164.38711
164.62502
164.66181
164.71842
164.75492
164.79474
180.93602
180.93490
181.02496
181.15857
181.14180
181.14192
181.07916
181.40716
186.07649
189.61987
189.59227
197.38804
201.14692
202.99638
203.68604
211.17391
212.67446
212.79204
220.67761
221.63017
222.04372
224.12244
225.72785
226.02916
132.72040
140.29293
140.73722
140.82788
149.42265
149.43040
149.46601
151.13947
163.32592
164.23585
181.33981
184.74001
198.05369
204.28049
205.46338
205.48083
207.98900
220.74029
221.10187
221.19719
221.49040
226.62203
226.78204
227.64512
142.65459
142.90325
147.00423
148.12364
149.17077
166.36690
167.19652
167.77891
168.59434
169.46173
169.58094
169.59745
169.64516
181.33694
181.49774
187.45712
205.05238
207.99870
208.04815
208.09508
208.06074
217.29438
220.91470
221.81032
221.84632
225.39858
226.93899
228.02712
228.25243
228.29083
142.47311
160.61441
167.14097
173.51627
175.12441
193.81472
196.17453
198.75925
205.32275
207.04468
207.27343
208.23565
209.69007
218.30975
218.39865
220.12388
133.96803
158.13697
158.26006
165.81038
166.52001
166.54255
167.17090
167.64768
167.86965
170.45237
170.62667
172.92140
196.94444
197.76745
203.45772
203.51968
204.08829
204.20088
213.78341
213.71398
214.18660
216.34997
217.58312
220.09692
216.84369
216.94079
217.50782
217.82833
218.69450
219.43930
219.54128
219.82479
219.95457
220.15790
220.18063
220.18129
220.07699
220.07597
220.12251
220.21955
220.24193
220.49472
220.48199
220.60710
223.14098
223.17950
223.21608
223.53366
228.86175
228.99117
232.35544
232.41281
218.17393
218.41971
218.45142
218.50614
218.48053
218.48179
218.49192
218.51871
218.53444
218.71715
219.00036
219.43898
219.91572
219.98742
220.09228
220.11459
220.32407
220.57036
220.57505
221.02899
221.89950
223.28041
228.73491
229.29648
229.31212
229.97934
232.53267
232.69799
240.05678
219.64412
220.26390
221.06144
221.87058
225.09641
226.68289
230.09553
232.18595
232.37648
232.36227
232.36426
232.45765
235.05613
216.88489
217.28964
223.14676
223.35494
227.16492
227.17828
227.78415
227.86153
228.68937
312.46759
345.11930
319.56691
337.29826
338.14364
338.06389
338.77029
310.40463
335.48843
346.17841
322.74213
344.21200
346.74236
323.19882
326.18322
10.839999
32.336845
46.530463
46.631970
48.267512
48.523008
48.597365
55.876084
56.384367
56.340611
56.362593
58.485628
62.732044
349.69338
349.66010
349.70200
349.72528
      0.88386519
6.6400291
8.6669850
8.8661112
10.400357
14.076442
21.760007
39.152087
41.124357
41.275634
41.686693
42.573983
46.960693
47.101443
50.506537
54.305476
59.509377
349.36343
349.66737
349.67947
349.88926
350.33492
13.401417
40.148616
41.305297
41.234100
41.541152
46.037255
47.677298
50.169981
53.381469
54.238320
55.031499
55.720182
57.900827
58.052427
57.996237
58.016798
58.115080
3.3364475
7.2625505
9.0636231
9.0809998
11.153915
11.260615
11.943482
11.975501
14.802900
30.202568
32.197445
40.862774
40.774031
40.924733
41.009878
40.892939
41.272993
42.160540
44.390130
46.546226
47.022425
47.418895
48.738735
48.790390
52.639457
54.389073
54.397491
54.779682
55.505623
59.662090
61.805209
4.3645232
5.4631377
11.523780
27.051190
27.115186
27.709053
27.887070
30.805591
38.199594
38.294925
41.528322
43.356507
43.521971
44.746496
45.124314
46.157749
48.595810
48.670515
50.873487
54.325778
54.510656
58.886719
59.774115
7.3882126
9.6426533
9.7509954
12.827067
21.607982
28.066577
30.716617
31.024645
39.777628
41.689764
44.492828
44.730462
46.482592
52.990561
53.389706
54.293198
54.637570
55.360577
309.90765
318.29093
319.00720
309.25399
309.45820
319.54189
325.97274
320.35276
324.03410
313.12377
313.14765
314.60725
328.29482
309.09780
325.47394
330.12428
330.66316
336.18388
344.03474
344.50809
359.18533
330.42351
330.99180
333.22121
345.44409
348.10216
348.10830
348.12179
350.56406
316.01703
320.45350
323.57707
331.41166
335.48487
346.33155
351.11493
322.24276
327.79086
328.12211
328.19849
334.00214
334.15371
335.72113
340.14702
345.54886
348.08922
351.20103
317.87920
318.08656
325.08699
325.59518
330.44747
332.20338
332.32733
333.40208
333.53214
333.71413
333.87615
333.91913
333.93194
339.08278
339.20772
339.25657
339.31321
344.14562
346.49040
346.79298
347.38986
1.2447211
1.6357416
317.50219
317.83819
318.00540
320.03839
327.66006
329.78049
332.95514
333.02686
333.17216
333.15032
333.59074
333.99780
333.92037
333.95961
338.55381
346.67393
346.85977
346.99135
347.02900
352.55687
354.67168
      0.81252020
2.1428658
3.0484411
7.9023340
15.850541
8.9929463
14.905510
8.9992858
9.0336598
10.391225
15.061933
21.155810
4.2620407
6.4686961
8.5116093
4.4974220
7.7240244
8.3901024
8.7415466
9.5109109
9.8991327
9.9515880
11.568077
14.443353
14.721483
15.751203
20.138881
20.195391
25.223442
26.287641
25.044508
24.182710
27.615140
27.761938
27.891673
27.989666
27.938890
34.396947
32.149234
32.244517
33.315830
33.349217
33.365763
121.54982
122.03994
122.38155
121.83920
121.28714
113.75943
114.07004
119.98465
349.73566
349.91271
349.93812
357.23755
349.76991
355.46931
30.738084
30.844357
31.079038
136.72904
137.68425
159.60363
161.65589
161.93048
139.26410
146.41272
136.51174
141.25209
144.92319
145.45373
155.95811
136.91878
148.72199
157.10059
134.28433
134.65547
135.09923
157.35831
158.95859
163.07410
134.24169
134.54499
135.08429
135.05668
153.94810
154.81630
156.61438
157.79797
162.01829
154.88757
170.53909
154.83461
179.18434
151.28437
153.85938
159.37334
173.11701
153.10120
172.13362
3.6828680
6.2666977
4.7843500
5.9493903
6.5082335
3.8618554
4.8939791
140.06501
140.92890
145.47963
150.98716
141.44776
142.42157
142.44310
148.58458
148.61772
151.31071
151.54376
156.66740
164.37057
170.42471
163.69376
163.91489
164.25513
164.33472
164.46921
164.52823
164.58805
165.53023
166.05488
166.22564
167.55749
173.85200
158.72800
161.55896
166.75886
170.38697
170.77791
156.86754
166.24755
167.82391
167.82151
167.99640
168.00785
168.02824
171.23083
172.40552
176.39688
163.02559
170.60892
130.57602
134.24603
139.63174
139.67386
131.32755
131.55409
135.15897
137.05516
137.09488
137.51944
139.11975
139.41626
140.89928
134.97108
138.35786
134.24687
139.51304
147.12575
134.10099
134.15390
135.44426
141.78147
147.83274
123.47165
125.51043
124.10467
124.56686
123.48446
122.24499
114.31554
113.61903
121.35764
120.17009
123.62512
124.08279
124.42601
125.01057
125.16487
118.60367
120.85028
120.87342
173.94988
176.88466
178.99099
182.74148
201.93270
203.04329
203.02877
203.53957
167.81239
168.65982
168.69552
180.51153
184.70854
167.50937
167.61758
178.15504
165.76756
137.51239
144.43761
144.62780
144.87587
151.51301
163.00766
139.85182
143.23512
143.69073
147.81202
157.91523
165.71881
167.60741
130.96285
131.01758
131.82767
133.04220
134.33544
134.62700
142.05083
148.20996
149.24443
149.24289
149.21054
163.89962
165.38318
166.50981
166.54546
167.53570
167.50902
167.68704
134.60922
135.62242
135.88896
136.37552
136.90268
147.36110
148.00298
148.58927
158.33185
162.13452
162.15783
166.06897
167.14133
167.42227
167.55355
167.68687
167.62644
167.73234
167.87078
123.27864
145.59049
146.51476
150.18836
153.12978
153.16137
157.20814
160.44829
161.37389
163.63403
164.19944
164.81100
164.78933
164.81508
167.41647
129.50127
159.34712
159.44217
133.28983
144.72958
148.53028
150.23855
158.63715
163.52307
171.93492
174.72628
131.68318
131.72623
137.71387
138.22949
140.72922
145.78202
148.41701
151.87211
158.96261
160.63766
165.09822
165.18526
166.17464
166.20652
167.51707
167.78159
168.46914
168.56848
169.83877
171.82986
172.06758
177.00095
134.39949
144.97343
164.98263
165.34703
165.49822
167.58341
167.60550
167.73673
173.28775
182.31573
135.52746
135.58828
144.57662
145.60404
148.04991
149.38641
149.41009
150.16998
151.50901
155.62997
158.73777
158.74308
158.75740
162.04845
162.04963
162.04587
162.08105
163.02718
166.02854
168.26689
168.33842
171.38628
184.84255
184.94672
185.01550
125.54451
133.27803
160.17011
161.09713
170.79428
173.21797
179.16520
184.77696
124.76035
125.73566
129.12855
164.50603
167.13176
179.81890
183.07928
184.84266
122.30325
115.11444
115.23791
121.27299
113.67844
115.10249
117.55608
117.51833
121.24403
121.84083
122.08450
222.28009
207.41120
215.28423
215.35042
214.50570
126.75489
130.44278
137.17289
138.83488
138.78522
139.19913
139.21405
139.64741
139.72714
140.62265
142.99980
143.01882
146.64594
121.45962
121.34716
122.19503
138.06079
139.01865
117.36261
117.46206
120.87902
121.08461
125.92718
127.34372
128.82037
130.04917
136.94814
136.95151
136.89976
136.98491
136.97423
136.92921
136.97927
136.98050
137.11657
140.72053
141.51919
123.30130
135.38000
135.69577
136.72609
136.80630
137.38722
137.54949
137.47719
137.63397
137.80681
138.46645
141.20331
131.61066
135.65655
136.24782
136.85798
136.77636
136.97902
137.30512
137.45340
138.53257
162.09562
162.90058
159.92878
162.33806
162.44008
153.69123
153.63085
161.37703
162.68571
171.73590
180.29854
188.19841
183.80025
184.19784
168.53454
183.41812
186.32820
169.52076
168.02934
184.20744
166.80517
183.99947
196.49432
199.48978
206.35543
206.82720
217.68186
217.72029
219.03544
219.23703
219.79346
219.90770
219.88849
219.98961
220.19214
220.24709
220.42407
221.54097
223.38715
223.43514
223.47799
223.63645
223.88745
203.33903
204.15613
207.48357
214.38294
218.40939
218.46425
218.44729
218.49211
218.51654
218.57923
218.61108
218.47718
218.89895
219.02854
219.20437
219.23737
219.81533
219.75361
219.77985
219.87890
219.92234
219.95435
220.07026
220.06834
220.10830
220.13518
220.13272
220.14400
220.17848
220.15404
220.16257
220.13902
220.27559
220.38377
220.33842
220.44545
220.45653
220.67263
220.73855
221.31811
221.85484
223.27187
223.63342
228.14029
228.24897
228.94544
228.97439
228.99803
229.07662
229.02187
229.14264
238.99763
198.04717
198.73609
201.11770
204.56616
218.26943
218.43197
218.73504
219.77868
219.92154
220.65902
221.97725
224.03516
224.37712
226.53991
226.59775
228.60300
228.78765
230.12321
232.41217
234.61831
239.62613
239.94569
239.94825
239.95705
240.08425
240.09839
240.46464
189.45161
205.06701
205.13555
205.41382
206.17237
209.70031
215.54053
219.71393
220.85691
223.57433
226.80387
226.94852
229.64736
230.50787
199.24912
205.68507
208.74357
223.25121
226.33417
227.90744
227.89559
188.83431
222.20657
241.42555
243.38948
223.74936
226.17946
243.65945
244.14984
244.10273
242.68936
244.62791
245.32769
247.73090
247.95665
248.43319
249.02840
249.10319
249.25819
249.23397
249.30047
249.37562
249.30243
254.09665
246.72790
247.85647
249.39093
250.50561
250.86362
252.11047
253.61764
251.37787
251.90375
251.99056
253.54454
254.21305
254.56459
254.89119
255.05128
255.75853
247.14814
254.36145
254.41967
254.71121
255.21200
255.23440
255.25819
255.17568
255.30184
246.12319
248.59450
250.14538
250.78944
256.01494
256.05017
256.05881
256.44585
168.67406
181.75938
129.68532
139.52676
139.71173
141.35549
141.34419
168.07979
174.53554
196.65394
127.18340
135.24376
138.72354
138.68094
139.49934
164.74152
177.26674
130.81572
133.01926
135.71211
137.09528
139.90086
141.05740
195.52670
122.86679
128.65577
128.71710
129.38692
132.89855
135.40901
136.58714
137.25323
137.66525
138.94817
141.89622
142.01189
145.06528
147.51553
151.37148
155.78661
155.99155
156.56836
156.67908
163.01981
165.65724
179.11351
179.15626
201.82731
131.58400
135.70483
136.57228
154.67228
160.26559
160.34188
164.15420
168.37488
168.31637
168.74849
168.74820
170.10922
170.36619
174.87654
179.10862
188.55245
197.87110
198.06686
203.12395
203.42705
203.80255
206.92974
206.99049
168.61124
168.58394
168.69968
168.80150
170.25282
180.73168
195.54699
198.05890
204.32795
204.34682
206.01992
206.21037
206.93266
170.48269
172.44958
180.42113
180.57338
180.81232
199.40597
199.56784
203.92782
207.41162
168.14946
169.87692
180.77121
189.04214
191.97674
194.90851
195.42641
195.48397
195.38868
197.39512
203.51523
203.54253
205.14814
209.09059
209.09174
170.23683
170.29232
173.20243
184.49747
204.46293
206.10367
170.84172
172.62864
175.78975
179.36784
184.89898
184.93881
187.76647
209.19811
209.55830
236.27519
248.67579
237.18387
251.59318
256.82006
239.76234
248.05569
250.45320
252.24420
256.77704
256.71728
259.59351
259.60042
259.76934
261.01471
246.53976
247.03402
248.67115
249.04774
249.07449
252.81736
256.36967
256.51326
240.03138
240.01801
165.41581
164.11011
172.76375
224.43005
236.41649
238.53178
244.34553
225.16770
239.26257
239.33416
239.18051
245.35993
226.51387
226.56580
239.74667
231.84532
242.56262
209.85935
176.64720
187.12668
196.63950
208.89302
220.44563
221.17516
221.76107
174.71635
176.49960
179.23629
183.79350
193.13354
193.65081
193.68823
205.78841
221.06897
196.95308
197.30994
197.37760
198.64253
202.80451
204.16155
204.15294
205.05208
208.53906
211.67968
197.95359
204.66673
212.39145
213.75897
213.72682
213.69413
213.64704
214.12564
216.23648
207.02482
211.41304
212.25271
212.82087
221.82572
245.86584
246.42058
246.59133
246.75330
246.94316
246.97879
246.99678
247.15044
247.21576
247.42446
247.40971
247.45618
247.69835
247.81802
247.76422
247.76138
247.83034
247.82357
247.83154
247.85395
248.10969
248.41313
248.31804
250.46445
254.22702
254.66327
246.26793
246.95248
247.15799
247.11486
247.17357
247.16492
247.28895
247.23909
247.34914
247.29617
247.44378
247.44868
247.43700
247.40434
247.36240
247.53512
247.56738
247.59969
247.52264
247.45953
247.48038
247.56648
247.54606
247.64131
247.60818
247.78355
256.46663
256.62377
246.60398
248.97612
249.77015
252.39463
253.73056
253.67735
257.07768
245.96956
246.85511
246.86656
246.70437
246.82352
246.90709
246.85104
246.97111
246.92747
248.78283
249.55367
249.48511
249.55729
249.53770
250.11672
253.21597
255.30707
256.83142
249.37200
249.58587
250.45258
250.56092
252.95638
256.10275
256.41330
257.70510
250.59431
250.66802
250.73882
255.75560
257.56793
234.70379
238.84831
204.54144
208.81686
209.85198
210.01081
210.05532
221.12135
225.67713
204.22030
218.02337
218.38108
218.88308
226.57651
227.38157
238.89131
239.03211
239.17907
239.11424
239.19565
239.31357
240.53251
193.55524
194.29090
195.89114
197.06078
214.05961
226.59588
239.37815
196.18763
202.24497
203.56353
204.79841
204.79896
211.25348
211.32589
212.03474
212.58685
213.69471
213.75095
235.32042
237.59336
239.66760
240.17849
241.26226
199.16409
204.97172
205.01171
205.87678
215.65447
234.06490
246.94168
247.08238
247.24525
247.98107
249.97835
250.02693
249.94254
251.49658
255.14443
247.04130
247.25475
247.86904
247.88208
251.67328
243.87370
246.36564
247.30411
247.24528
247.62903
247.63011
247.77844
247.68260
247.53034
247.60843
247.72105
247.89387
248.08247
248.12518
248.42735
249.47176
252.25795
252.37253
252.72169
253.66295
254.80763
255.56336
245.66198
246.32346
246.85539
249.03746
250.15614
253.48372
253.85397
255.31637
256.48570
256.84182
256.94565
257.55302
257.49203
246.61521
246.99823
247.24332
247.04507
247.21600
247.32675
249.71703
249.90130
250.09496
250.29089
250.29922
250.44852
251.14339
253.58649
246.42058
247.57878
247.83206
248.04738
249.33549
250.40572
250.34367
250.84639
256.46206
259.35637
201.46085
201.61515
206.59240
206.68758
209.36862
209.71751
209.84049
210.15819
202.94116
202.94745
208.74381
210.32466
204.32005
208.01739
210.89953
211.93828
206.10484
209.55972
210.52605
201.38010
204.76819
209.25766
209.85497
213.31199
209.69607
210.12524
210.15501
210.15627
210.16675
234.37636
236.43721
209.77774
216.20238
222.23785
224.24569
226.00898
226.03051
231.30181
232.58265
233.28971
234.47049
235.29111
202.84636
209.68982
212.37017
227.65967
229.45205
230.73236
230.73849
231.35093
231.50777
235.59834
235.55892
202.85958
202.83195
205.65975
211.71471
213.77499
217.91035
255.72235
256.41740
255.41787
256.01312
257.05942
257.27978
258.28933
256.66404
256.61354
256.80484
259.21742
225.66632
230.23099
234.21696
222.01818
225.34320
225.73087
227.54975
227.62306
227.59227
232.44944
235.30786
225.84251
226.34277
226.47420
226.59281
226.58043
226.64270
228.58568
224.71125
230.86358
232.30924
217.93070
218.06244
225.95643
227.06527
231.34865
234.09445
216.54421
222.77676
223.55979
223.44141
223.49786
228.10130
228.30005
228.28942
228.86411
229.00991
229.34569
229.43418
229.45490
232.03551
232.05725
232.05271
232.07889
239.85252
239.85431
323.71103
324.93093
324.82284
324.91024
325.35463
330.77393
335.87030
337.29653
343.85816
343.89963
344.36121
344.41294
347.13355
348.94399
348.98302
331.04969
343.76292
343.85173
344.90227
344.90110
347.75272
353.42471
      0.19954964
6.0674610
6.0733902
330.33722
337.90658
340.65821
344.71156
350.86266
351.22557
354.55539
358.10146
358.15167
5.6947089
6.0863281
323.95143
324.15984
330.85537
330.88126
330.87619
330.84414
333.62763
334.45937
334.74752
346.96454
351.06551
      0.50343559
4.6778514
322.90648
324.25970
327.61481
328.15792
330.78000
330.97868
331.08091
333.33960
333.99795
334.21832
334.24148
346.51976
351.29732
355.49064
2.7193960
322.22163
330.10849
333.44385
333.63311
333.68747
333.70329
333.60337
333.66449
333.65604
333.69106
333.74113
333.86641
333.91818
333.92624
351.09805
      0.79694995
4.0049577
338.39172
338.54103
338.88252
347.78067
334.47770
335.14405
335.36313
341.17125
343.16360
345.80035
331.34021
333.30587
334.98217
335.05645
335.82549
340.60559
345.94005
347.58662
313.86509
321.89042
321.91519
317.53399
319.11519
322.46743
311.56634
314.20639
318.67133
322.30602
322.24202
325.96378
310.37276
311.45652
312.02361
319.10585
311.78017
316.21652
317.42260
319.50361
319.01574
320.74453
310.45001
315.28228
311.79378
311.82943
311.85126
312.30558
310.21702
313.35260
316.86586
319.90183
319.90871
320.14738
320.16621
345.77333
350.12114
350.21426
350.40555
350.35329
350.71798
353.99543
358.45521
358.74337
359.23609
6.1298935
12.039987
322.30215
322.30576
322.41769
323.75165
331.34346
333.54524
346.64725
354.44683
354.43028
356.80917
3.4325553
322.97412
328.84470
341.10153
347.79176
347.97834
348.13377
353.74337
354.92190
355.86779
356.32894
359.04697
     0.018485399
321.93971
341.90452
342.92981
350.28010
350.28546
355.98316
356.12534
358.55031
358.54198
358.55744
9.7357942
324.22739
347.33444
349.56132
359.43226
5.1146343
5.1074422
320.82656
168.52629
169.05828
168.94692
155.11808
156.75791
168.70220
146.27188
154.08493
167.16821
16.173162
18.661026
22.244336
22.588626
22.925481
23.533210
37.935497
40.461794
41.711119
42.143271
42.542084
42.805408
42.977589
46.612522
46.726169
46.846804
46.893754
47.022791
48.165250
50.189214
52.571566
52.695601
55.808205
56.642129
16.788178
20.319184
20.647539
20.871994
22.248184
22.859911
28.721307
29.645972
39.586950
41.493183
42.216913
46.180924
46.521247
46.660251
46.671363
47.492781
49.511583
50.701678
51.076752
51.158898
51.284750
51.361881
51.385798
51.525710
51.473073
51.515256
51.539963
51.614180
52.622576
53.433640
54.032422
54.234613
55.287052
56.139860
18.424270
18.692900
19.820882
21.158717
22.156001
28.671007
30.551405
46.152372
46.213055
47.611886
47.891579
47.959427
48.010380
47.975558
47.985138
49.360453
49.940130
50.391464
50.636589
50.934006
51.256476
51.114978
51.163399
25.341418
38.167378
40.880446
46.237756
51.369595
52.605385
53.005707
53.033463
53.686113
58.081878
18.847965
22.235536
37.040442
38.253634
43.988573
49.845695
52.935277
53.381413
56.623994
56.940578
58.261669
56.550436
56.631917
57.923288
57.880491
57.964574
133.14899
133.40811
133.41143
136.18097
136.03923
139.42697
142.76826
130.98863
131.50564
132.97843
138.93550
139.30882
140.30368
143.69841
144.84606
132.02779
132.24852
139.79712
126.82639
133.66967
137.52237
128.77492
132.54708
132.64116
133.31374
139.28836
143.64611
119.12490
120.82586
132.31482
133.06608
137.49125
141.66585
143.55223
130.22163
131.72488
132.25503
132.30430
132.27819
133.94669
134.00774
137.04095
131.46758
139.21277
144.89455
147.17518
150.45402
156.44447
162.37577
162.49016
162.49093
162.72587
170.97140
176.12962
176.09441
180.63020
169.38052
146.88152
157.38708
162.99387
169.01078
169.63459
169.66993
169.92705
145.87884
159.68935
175.21641
175.29106
177.63548
178.77923
186.15007
158.56313
172.83756
176.94398
185.01308
185.42304
185.42682
185.44630
185.52932
185.87947
186.41251
148.38973
183.06206
183.06290
185.00634
185.01530
117.97963
128.94906
117.50009
117.60498
117.68462
119.73833
120.48966
127.76831
128.91874
116.49263
117.49980
125.48111
125.52636
125.71757
122.77895
122.80044
125.20484
125.25562
125.24861
127.85749
121.36715
122.24745
123.32635
129.36082
129.75287
129.75510
130.42169
130.51461
131.42341
131.21682
131.32667
131.55878
137.87481
120.34882
120.80520
121.98831
126.29264
136.66499
114.44622
119.44025
119.68075
119.80436
127.72042
127.74657
127.55770
130.59843
135.00098
137.03264
119.26632
119.34304
123.44864
125.29516
115.36560
118.31984
120.44781
120.75371
120.93543
125.29982
127.10639
128.37819
115.05514
117.69016
122.14487
124.67518
124.98641
128.11200
135.48278
191.01556
168.84165
174.28122
178.43132
181.37842
181.82985
181.86414
184.11402
168.43516
179.73715
181.21996
182.50473
193.57217
168.02862
178.74463
164.95728
171.73573
172.62187
183.58125
134.73340
141.51838
152.54538
152.78173
163.19848
164.88901
164.97111
164.99812
165.01405
170.16645
172.29036
172.27161
173.48734
173.75008
173.80689
173.81516
178.89637
179.22694
184.53720
192.36284
194.67372
115.17765
121.10403
134.59965
136.82496
160.72835
165.73449
170.70807
185.14840
185.32639
186.73007
118.32396
119.21033
121.48966
130.60736
133.39519
136.99849
137.19144
138.93590
141.73338
146.61915
154.66094
187.98429
194.10538
194.65102
196.99607
197.17559
197.29611
136.61593
157.60951
158.11652
162.84685
162.88710
162.93183
163.00324
168.36153
169.17117
169.37828
171.54088
172.08038
183.23809
186.85400
186.99160
187.67653
192.52965
192.53951
194.15933
195.21353
196.79082
133.62326
142.18394
170.73227
173.19457
187.17992
195.46388
144.38677
140.62291
141.98149
143.69696
142.23078
141.47344
141.53929
139.84718
131.15596
132.75727
132.72160
155.78950
143.16615
130.39775
134.81510
140.46119
128.30229
128.34344
128.42488
128.72964
128.23325
128.33403
128.61531
135.51945
136.46955
136.54890
148.39703
148.42183
148.71145
150.16194
151.06438
160.89582
160.92358
128.85567
161.15931
119.57442
119.31439
139.07919
141.80804
126.26519
134.25182
134.68859
134.81600
138.76999
139.11693
140.21848
117.40003
117.98206
118.03264
136.71999
116.53042
136.08957
141.94078
142.82842
131.93907
131.99597
133.62486
133.67876
139.19505
139.24369
153.79103
163.96174
165.19825
172.31832
192.58769
194.34774
194.52498
150.87010
150.96917
151.19870
151.21679
164.04751
164.55153
164.66263
172.34811
181.04459
186.78008
192.44908
194.67940
151.53102
162.08038
165.65134
165.65872
170.63415
194.61092
163.68673
163.78318
171.58396
172.71090
183.20410
167.14585
171.15972
171.39413
175.68689
186.78705
188.61899
175.35726
183.09803
187.13476
187.47367
195.59830
136.71414
140.03673
139.99246
140.17930
142.24961
139.56324
140.90735
141.23382
143.28121
143.23849
145.94820
145.99676
146.03146
135.30853
135.29185
141.09510
154.59449
149.39829
153.23196
119.58526
119.93176
121.62576
122.80306
115.87658
120.05961
120.08238
119.87382
119.82448
122.82298
115.09477
119.06974
119.77150
119.91037
122.90742
117.66986
119.40585
122.56734
128.59371
119.79265
131.00578
130.18331
137.19840
137.07862
137.15538
137.42406
140.19011
145.98937
156.65584
159.42463
177.26933
188.92335
193.51023
193.52278
194.47705
211.50263
216.03622
221.92199
224.76212
226.66907
136.33086
137.40025
139.59868
145.86158
163.65851
163.67308
163.90422
168.43710
168.54539
172.79544
172.96723
173.34245
173.41570
173.56748
173.61661
173.69395
173.91491
173.74851
173.91001
173.94065
173.93315
174.15265
174.02207
174.09461
174.14125
174.49902
174.58509
194.39414
196.01804
197.44577
208.74505
214.42208
214.72935
217.31026
223.63647
227.18013
228.07157
233.73290
234.66042
141.09063
151.22091
151.37937
170.67826
172.63609
172.76836
173.01380
173.04433
173.22876
173.78588
174.04205
184.88380
196.01926
196.42309
196.41953
196.49573
205.82412
214.85467
220.33089
220.51204
227.65045
233.96206
127.88177
138.80125
140.92067
141.22172
162.39591
174.11673
178.79253
179.08862
179.32145
179.56438
185.35057
187.22554
193.31031
194.66423
216.30157
220.32149
228.28074
233.43870
132.42398
144.43815
147.39276
147.31196
155.11105
158.82981
173.23476
177.62969
178.28699
180.30066
183.37198
183.37020
183.79125
184.02951
187.45991
187.90582
187.92908
188.03156
188.38140
194.60672
213.14918
215.65461
217.93393
218.17319
218.31607
224.75250
225.10418
225.19011
226.21177
233.14764
134.71354
134.69349
144.59737
150.49538
163.63704
180.88378
185.64595
185.62321
185.68008
185.74676
186.82723
191.66796
197.49210
198.64587
135.36924
142.92352
147.64611
151.22459
158.71593
159.19154
159.40081
159.71545
160.01197
162.80970
151.32718
153.95018
155.98684
160.30404
160.42652
160.49960
161.43052
166.81902
131.58093
133.97165
144.88493
157.25623
161.59853
164.59646
164.60604
164.64143
166.87004
166.86991
124.82150
126.32278
144.69032
154.45917
155.24252
159.94730
160.05268
160.10276
160.13266
166.89669
125.67370
125.74013
125.69975
125.84028
125.84429
125.87803
125.86401
125.87449
126.33837
128.91161
153.90368
157.58724
157.62342
157.63918
165.08433
168.28046
168.42215
135.19736
150.35983
151.17259
156.76454
165.59484
165.03086
165.13367
162.71813
169.02424
155.03320
153.28683
153.25896
153.72759
162.32676
154.79093
163.61164
169.52770
148.70879
159.08851
178.07822
178.52584
178.81224
179.02845
179.22523
180.29269
180.32650
189.87533
196.31941
190.26484
197.40739
177.62898
201.14156
176.49794
196.71887
196.90317
201.62798
177.01929
198.50702
202.54575
157.56036
160.71413
161.86072
162.02412
164.42134
170.50621
170.54359
180.42778
155.40138
159.32150
160.30403
160.29182
160.39069
161.04011
173.24979
180.06919
151.57664
152.64567
154.53573
161.07672
166.04654
170.23140
177.02862
181.73995
125.59020
125.90790
125.98649
125.85130
126.10763
133.92490
165.07641
180.65532
144.84697
146.67751
151.77035
153.80120
165.46915
172.04557
180.01322
180.24553
145.87880
152.66881
155.89462
157.33733
158.39351
158.54747
158.57197
159.80501
161.07250
164.56585
164.86297
165.01899
179.21502
175.59308
177.89610
177.94158
181.11781
148.24450
156.73403
164.87475
170.72347
172.26600
172.27705
176.39942
180.32852
180.99804
180.96518
182.89565
185.93576
185.99112
186.06133
186.05141
135.28757
139.32362
149.46428
150.82930
159.71838
164.65653
165.18321
165.21725
174.73287
178.49458
178.94747
186.80713
142.96730
144.55110
157.10593
157.04170
160.11824
165.04663
174.82603
183.15997
186.34236
142.54311
152.75288
171.61189
175.47062
175.52446
181.29762
181.41242
185.44002
185.74053
185.74222
185.77778
185.79001
185.81195
189.23812
189.65566
141.62930
151.72450
164.99396
165.09566
165.15530
165.24829
165.35340
165.36389
165.44272
165.44434
176.11919
176.43989
178.38994
181.57967
184.52865
187.48842
164.04891
164.07516
167.13361
175.76859
156.57654
159.48899
174.49851
181.19253
169.28719
172.93422
172.88788
173.03911
173.04315
173.14504
173.08911
173.20746
173.30625
173.34593
173.49679
173.50897
173.56057
173.56780
173.48058
173.51514
173.58953
173.62917
173.63738
173.64142
173.70540
173.74945
173.67905
173.70424
173.85929
173.64810
173.70991
173.71843
173.77647
173.87232
173.91678
173.93212
173.92492
173.94094
174.06801
174.12726
174.23694
181.53590
160.79048
162.38599
162.89766
163.14623
176.28856
176.35874
181.05918
184.10354
184.50930
163.56980
163.72377
170.05888
170.30925
185.40714
157.46354
170.48763
170.51637
186.96089
194.91583
196.58740
199.12008
161.89078
180.78911
186.62499
194.68099
195.32136
195.92010
196.14361
196.38404
196.48296
196.26181
196.28243
196.57402
196.84101
199.55562
202.31761
166.66028
167.29844
174.20003
183.98108
185.62432
187.13216
196.86306
198.69186
161.07904
161.17376
169.54204
169.63111
171.40067
176.93005
191.43732
195.77665
195.78825
199.62946
173.14172
173.90152
173.93169
174.87893
175.69726
184.03801
189.49206
192.98620
193.77664
193.87736
194.07326
194.06443
195.75685
199.81623
171.48298
172.34495
172.35522
172.66777
183.47733
183.59188
185.47028
185.45221
185.48682
196.10007
201.94044
202.22487
192.81886
193.45298
195.95691
196.40184
196.23696
196.38430
196.71189
196.80810
198.31246
195.73530
198.17084
196.98810
198.69383
199.56838
199.62491
199.53320
195.28083
196.00888
196.02876
196.51857
197.44406
200.79084
200.84153
200.83676
224.26248
225.88041
227.53667
227.63513
232.67335
238.66878
238.65510
238.66717
238.73846
238.84927
244.07162
244.20794
244.60099
244.62362
244.92210
245.08343
245.25090
245.29002
221.35417
225.49658
232.69666
244.64312
245.20183
245.28414
245.91095
224.74965
229.20181
244.86754
245.62238
258.16132
217.77613
223.84623
224.53434
229.32150
230.64195
201.10462
201.21020
201.72611
202.03133
204.12097
216.54331
221.95470
242.73690
244.22494
244.22467
244.37351
244.39348
244.74402
206.67002
218.19520
222.03202
226.52835
226.51834
226.61895
235.51725
237.25625
244.46998
244.59847
244.59002
244.56875
244.72751
225.51062
227.37653
227.33068
227.80533
227.95159
239.02806
244.84309
223.39125
224.93532
224.95113
234.17569
237.07978
239.78682
223.35302
224.33781
224.28906
224.61584
224.68291
224.86063
224.82310
233.12037
233.31454
233.16508
236.36559
237.40938
237.45078
237.44238
237.37984
237.43988
207.28909
208.22837
209.50083
224.29686
222.94425
226.00023
226.27753
224.57979
231.21258
222.69386
222.62641
225.14598
247.07978
247.43798
247.47433
249.60129
251.99319
225.98476
226.13400
226.16181
230.90885
234.84250
235.17666
237.49372
238.35783
238.37046
238.47009
238.39073
238.43942
242.00919
241.99792
241.97774
245.23211
245.78304
245.75361
245.86625
249.22074
232.88518
235.89907
236.17928
236.21348
237.00968
237.06672
237.31658
239.03636
239.04649
238.97931
243.86872
249.49264
226.35806
233.31939
235.23133
236.78520
238.51089
240.01480
241.54869
241.70659
243.94967
243.94956
244.01299
244.50992
245.06990
245.65049
248.53314
235.93223
243.21125
244.37411
245.28649
245.43027
245.37638
245.70881
245.60879
245.68413
245.66673
250.09455
253.12309
229.46143
234.34529
234.93837
235.07257
235.01823
235.44700
236.72636
245.48301
245.74895
245.91608
246.04803
246.36803
246.26930
228.61156
229.98165
230.96498
231.34591
231.44349
231.34354
231.49100
231.50877
231.57656
207.31860
228.17100
234.58400
234.84025
235.47292
240.84186
242.31864
248.50231
228.90002
242.79721
242.74016
244.73588
245.22938
245.69425
246.07346
246.39284
248.86464
249.45192
222.95976
224.92852
235.68784
238.19543
244.13097
244.44891
244.76306
245.33871
245.61810
245.56859
245.81897
246.42432
246.41411
246.36972
246.58020
246.60868
246.54585
246.74898
246.83474
246.65447
246.73924
246.82430
246.91586
246.90474
246.92726
247.10884
247.41586
251.75084
226.01257
226.98580
227.23558
235.57481
238.20902
245.77673
246.08807
246.41115
246.38087
246.65274
246.64186
246.82230
246.87437
246.99451
246.98336
247.09713
247.03223
247.05791
247.05934
247.15027
247.16310
247.12968
247.16350
247.18526
247.19246
247.18540
247.14248
247.18782
247.16077
247.14620
247.22095
247.27999
247.33335
247.31878
247.27098
247.26461
247.17876
247.24167
247.40438
247.30715
247.67020
249.95740
254.08470
210.01865
217.55877
224.10198
225.68707
234.32874
234.52348
244.16758
245.91837
246.22571
246.30337
246.50733
246.68807
247.01142
247.06703
247.43211
247.38784
247.33642
247.43803
247.57241
247.58392
247.44982
247.40303
247.42195
247.62004
247.69839
247.76341
250.19497
255.36827
255.95820
255.92201
208.17116
234.91023
246.74946
246.93996
246.81374
246.87339
246.92135
246.95963
246.81908
246.94848
246.99707
246.92092
247.07351
247.06737
247.10472
247.22564
247.05119
247.13274
247.07604
247.36225
247.28263
247.28029
247.41994
247.25662
247.33755
247.36725
247.51758
247.55863
247.52652
247.75059
247.87933
248.42718
248.45372
249.01673
248.90913
249.13570
250.22935
252.07304
254.60942
254.64962
255.78060
255.97098
256.03634
255.91508
255.97785
256.51489
256.93544
256.85512
257.91173
235.64243
236.18899
236.11477
236.11223
236.08479
236.13752
236.13974
238.61220
243.88067
245.22422
245.73127
246.55141
246.62230
246.62138
246.86929
247.27694
249.22633
249.47466
249.45310
249.89570
250.03544
242.48096
244.39056
244.84025
244.82045
245.16348
245.42323
245.72453
245.96367
246.35874
246.46039
246.51864
246.68164
246.76506
246.78834
246.92751
246.79571
246.76659
246.89675
246.81904
246.98339
246.98022
246.96693
246.99566
247.22923
247.20465
247.28228
247.24208
247.29233
247.37146
235.46922
235.57976
245.44015
246.45818
246.43521
246.93186
247.12992
247.21339
247.15544
247.23859
247.24906
247.20583
247.19263
247.26638
247.24168
247.28109
247.34162
247.49736
247.29683
247.60826
247.84410
247.68871
247.83005
249.67988
234.68793
358.93835
12.875333
55.537087
348.91016
57.674729
58.359258
58.427830
344.58938
328.78274
328.42792
332.11208
327.66771
327.67643
337.63825
125.01865
138.17638
138.65494
145.84238
119.76190
135.30873
136.49770
139.99176
124.57110
129.56965
141.21964
141.25621
144.32890
145.12515
117.02222
136.43856
140.62249
141.07145
153.92855
141.43329
134.00969
141.91638
142.45965
147.71503
157.07394
152.89626
144.64360
146.93881
147.46958
155.84148
164.59352
175.07713
175.60292
175.89446
177.80248
179.57283
180.59936
180.61312
180.66461
181.76981
184.73385
185.96504
186.63188
186.64791
186.74672
187.66936
189.10807
164.99094
174.25656
179.35442
180.95126
181.19108
185.56367
186.03234
186.08123
186.26362
186.73474
189.54117
189.59333
164.53168
164.55242
164.52913
164.57160
164.97670
165.30869
165.30680
165.32569
165.34208
167.46805
168.22705
168.39452
176.37608
177.41941
185.13899
187.81276
164.97742
165.19748
165.30150
165.36030
175.59890
184.87258
164.97766
165.26463
165.36331
165.35337
165.58640
166.28397
181.29773
181.30855
181.36450
181.40113
184.08934
185.94340
164.92964
165.23645
165.19066
165.27567
174.14215
178.77163
182.09963
186.02090
156.79237
159.15323
159.33056
160.81234
161.01536
161.14473
161.16966
177.01377
138.59476
143.13641
155.07616
155.20819
166.93954
167.56473
173.61871
122.11546
138.69047
157.66052
166.70485
166.76738
166.68923
170.58815
170.56436
170.71158
171.65818
173.78131
175.32425
175.40633
180.85324
141.07301
158.67161
158.77013
159.52672
161.31669
166.83202
167.22138
167.56429
170.80829
171.62849
174.52008
174.58811
174.56599
175.95600
177.16264
182.82183
138.07720
158.78582
163.44382
166.36987
167.43212
167.86403
168.99369
174.12814
174.11599
136.81391
137.14865
165.48141
171.07225
173.08204
148.66438
154.62192
156.73117
159.78897
161.79737
163.24909
128.97587
133.88167
136.20765
140.68629
145.46638
148.20535
153.31497
156.92758
160.70256
137.02250
142.81460
143.77418
144.52164
149.48626
149.60032
154.20040
156.74777
156.77439
156.80941
156.84155
156.86145
156.88308
156.98337
157.50357
160.46911
162.75835
145.18696
152.40880
156.68027
156.71114
157.99347
158.40389
158.22452
158.22897
158.25682
158.95793
139.84348
139.86382
139.68321
139.64149
141.79215
147.50257
131.03169
136.96023
139.35102
139.74778
120.99663
126.57525
144.07875
145.75912
122.73563
142.15728
121.65541
145.81961
153.30890
123.76854
119.97286
120.02270
122.58921
125.04124
117.22176
117.20658
121.61804
122.07064
122.73858
142.97956
142.90315
148.28135
148.95028
139.64839
140.24304
139.24239
139.63573
144.07306
147.54116
145.11665
128.11974
138.15156
138.15322
138.62414
143.02245
146.77363
147.17050
147.47031
148.45512
122.06849
122.16480
122.38986
122.64206
123.01649
131.68844
122.04713
144.58041
144.63611
146.70397
148.13040
148.18276
151.23846
151.43549
143.93966
149.36887
151.36451
151.92779
138.19967
139.99894
148.31320
121.89402
143.44204
143.51161
147.86729
149.52945
149.87229
159.74211
166.90518
167.03898
130.85298
140.22702
145.91824
146.01001
149.93120
156.00869
156.27772
156.34469
156.62894
156.58318
157.08717
158.44755
135.78838
138.90026
139.09217
145.38370
150.79849
150.85411
151.24988
154.14546
154.15998
155.34998
155.80970
155.84899
155.88074
155.83144
155.87383
159.04707
159.15001
159.53396
133.86054
150.89094
154.92578
156.05626
158.83360
160.01911
160.19187
160.84121
142.37172
149.93385
150.76561
150.85092
152.72649
156.03054
156.09330
156.45253
156.48922
159.16020
145.07391
145.08931
150.65973
151.85763
152.01986
152.14892
155.40475
157.16631
127.10780
125.36168
127.27314
124.69829
127.03681
121.44727
124.18960
125.74043
129.58977
132.04357
120.08356
128.24701
130.16074
131.70497
124.11780
135.73790
125.60327
134.89190
132.66172
158.88021
159.14055
160.93277
161.27653
161.51327
161.59462
161.54504
161.53523
161.84796
142.88843
143.50402
147.93718
149.38114
149.42801
149.45942
160.02832
160.73177
161.26477
139.44472
140.49097
154.02446
160.85989
161.63818
139.41899
140.30376
140.46455
140.88603
143.87098
146.66059
150.59158
150.87490
150.89518
153.46034
159.28721
160.72372
139.57916
139.85068
139.96790
139.92253
139.94012
139.93954
140.01046
145.72540
145.82979
145.81401
149.53478
153.41465
153.39216
153.46051
153.47967
153.63384
156.43044
161.68608
191.03560
191.54775
193.46775
193.99800
196.38065
190.83155
198.44761
205.70902
188.65971
195.04036
197.32775
193.26465
195.76161
195.98448
207.41574
195.64100
197.71049
191.61193
193.22821
206.71647
215.35707
225.23620
226.20138
226.79060
215.82544
220.97782
223.81490
228.10637
228.30720
228.26084
216.44550
216.44152
217.25902
228.18935
229.16130
215.46195
215.58043
218.18664
225.14073
164.01003
164.03928
165.06430
165.07419
172.18126
186.06228
186.18039
190.59890
196.97165
159.38275
165.09527
166.11428
183.11665
183.20808
184.36944
157.59754
158.01703
159.02733
166.67690
170.35506
182.45313
182.48631
158.80484
165.04015
166.29785
166.65567
173.70124
175.88058
188.47292
194.98509
195.32502
165.40666
169.64849
170.75548
174.47817
174.49171
177.39659
180.09686
180.17664
188.29618
191.65506
192.17763
192.72813
192.73822
195.58759
158.72231
163.67933
172.27796
172.36574
174.71445
190.28288
192.48547
217.28481
219.70514
204.67855
220.86269
226.44710
197.72291
197.98311
198.13572
203.65323
197.85769
197.93048
198.33897
226.28155
226.37309
227.27705
214.58044
226.15772
226.63855
160.46142
160.48668
161.81287
161.88033
161.85833
141.65567
146.92179
155.37692
160.16520
161.13974
161.27976
161.26994
161.35390
161.35318
139.73532
143.37388
143.35715
143.39345
150.26310
151.84328
152.20366
159.97447
160.50811
160.87305
139.97680
140.25491
140.24757
140.54592
142.90385
143.80928
148.67995
150.37943
160.85689
139.90016
140.10958
140.11936
140.03576
140.15138
140.19108
140.54310
140.53815
141.81683
142.54637
144.20587
148.99386
149.92001
150.18663
152.86022
153.37119
153.47014
153.49662
153.44979
153.58987
153.95734
158.20649
137.16022
138.21146
139.04448
139.47425
139.60099
139.64678
139.82921
139.82275
139.89513
139.99108
143.45244
145.59742
148.66424
149.07210
149.06932
150.60249
153.55810
153.68888
204.46095
225.20727
225.13640
225.60570
226.07984
237.11843
238.50556
238.69050
238.78298
238.75805
238.80890
238.91240
238.91740
238.80764
238.88037
243.45502
252.02121
252.24687
252.61790
223.08915
230.40690
235.40535
235.77326
235.75169
235.90154
237.76631
238.63471
239.15367
239.12390
244.99818
245.45222
246.40632
247.31881
247.69602
247.66199
196.31720
225.80420
236.61613
239.19872
240.58501
240.91247
242.05505
243.15505
244.57353
244.97921
245.03969
245.52508
246.07752
246.01106
198.58182
203.65092
205.34472
205.35264
211.91364
223.78276
223.86619
227.09759
235.34161
235.53290
235.99414
243.44876
245.41834
245.67250
245.75553
245.70000
245.73536
245.78849
245.74865
245.80950
245.86617
246.20217
246.33472
250.15996
250.25032
250.34392
253.09446
253.12324
212.56877
220.85310
220.97040
220.98247
226.08987
231.55747
232.42352
233.98864
235.01874
235.14943
237.28234
242.68257
244.69087
245.62552
245.79899
246.05838
246.34537
246.29615
248.50336
248.86712
249.15856
204.32555
211.30170
219.94735
219.97035
226.27676
229.87569
229.85564
229.87553
231.31769
231.75654
231.59436
243.00037
244.86585
245.88487
245.88641
246.34834
246.39153
246.29584
246.70833
248.06846
249.15484
184.88770
223.53224
223.56291
223.66482
174.84305
184.88585
187.43896
188.08919
189.79228
198.53999
204.50605
204.72581
219.37823
223.97348
202.00056
202.02833
205.69779
226.09848
171.88268
179.42875
179.61335
186.03462
196.62810
206.08986
176.79956
185.19805
187.45982
198.90794
203.79235
207.10714
211.79724
215.56249
178.64029
182.48225
186.00852
185.98959
186.04700
196.90075
197.33447
197.50507
198.36314
200.95699
204.70369
206.41221
206.46672
206.92144
206.71970
209.31709
210.54916
214.56536
214.90179
184.33438
193.14942
200.25954
219.16644
222.40523
194.36014
196.44408
196.78399
196.75504
197.29690
197.33080
197.87917
188.82084
188.83659
197.93021
212.06184
214.51711
222.91207
224.44388
184.04884
188.25773
188.25347
188.54573
188.57447
188.64931
188.75760
188.91067
188.79777
188.97178
189.06524
190.45031
193.26390
195.47160
195.79348
195.79277
196.63269
196.81877
197.58061
197.84537
198.15663
198.21126
198.42698
218.93688
219.34371
220.64065
223.69575
192.60572
192.66598
196.14784
198.35496
198.70137
199.20626
204.87366
213.71993
214.79383
223.86419
194.59507
194.84324
194.99750
195.12680
199.37552
199.38181
205.52598
206.05759
209.24197
226.84680
232.82802
242.66980
243.35589
245.78222
226.93194
226.87829
242.18464
243.60352
242.82011
226.67650
243.91245
164.56386
165.18897
165.21795
165.22623
165.26367
165.26387
165.20867
177.26407
178.75941
182.01284
184.57203
188.21771
188.23647
165.25733
166.02315
185.66061
165.15509
168.69980
174.27529
182.43485
183.68428
165.12061
175.43611
184.61522
186.13703
165.23318
165.23574
165.28573
184.65584
184.74939
185.85094
173.22309
177.21827
178.47498
180.34964
183.44694
184.05153
184.91370
189.14278
197.82884
197.98347
201.94269
202.23336
202.30682
202.31432
202.69733
202.96269
202.01981
202.17359
202.17821
202.35260
202.37211
202.39253
202.57979
202.66695
202.14922
202.35555
195.73704
198.41758
198.48861
198.75382
200.37946
201.59259
198.82403
198.83523
200.86648
153.08757
153.62385
184.57211
187.26797
190.72060
195.95367
196.24269
196.23807
196.15711
196.20464
196.23834
196.35487
196.37958
196.32038
196.44237
196.79110
197.18459
197.24866
197.28304
197.30845
197.39702
197.32203
198.23601
214.15757
172.68274
178.39157
184.54373
188.66954
197.06010
197.07968
197.14280
197.15797
197.67906
197.79723
200.38518
200.95188
201.30798
215.93707
219.35939
167.77650
197.71836
199.70508
200.99914
217.62588
222.29825
222.89823
149.92470
154.48838
169.94658
186.44289
197.80235
198.02677
204.76315
218.56851
219.17769
236.62493
158.79628
165.15395
186.36238
194.52183
198.11392
210.24096
223.58073
224.22227
225.69877
225.67890
234.14579
161.26168
185.16903
185.91470
193.66031
195.25652
197.48346
197.83805
198.03562
199.59926
199.62393
204.14029
228.71114
162.58998
172.20664
196.16849
196.22204
196.07135
196.12609
196.12159
197.00992
197.86352
197.85342
197.82099
201.13685
206.32993
163.99034
164.06699
165.08359
165.17374
166.78133
177.79614
182.35876
196.11333
196.39051
196.58420
197.14303
197.32774
197.25291
197.87114
204.70673
217.86563
222.77779
222.86355
223.63447
230.33007
155.24105
156.18849
184.64230
187.27601
189.66503
190.39463
197.67645
199.86138
215.61785
215.75638
215.72204
220.38733
161.46131
163.65373
163.86755
167.85823
185.59925
191.03413
196.45058
201.41810
206.01703
213.94675
223.79593
232.99907
233.92147
233.92380
153.61278
156.71581
157.84588
162.29423
163.32063
166.11691
166.19740
166.50396
166.64660
174.59362
186.03065
193.75925
196.85372
197.78726
197.95482
200.81052
202.96132
202.98349
216.87698
223.69044
232.96756
161.75178
163.94496
163.88416
164.40293
165.11782
165.56872
165.58076
173.69426
177.98729
186.32901
186.33306
196.90712
197.07984
197.07052
197.55098
201.73671
209.25195
218.16767
222.61723
224.21445
226.16222
135.25042
138.30434
164.92461
165.15968
165.19984
177.65273
179.80060
181.01174
181.58836
183.61230
184.01719
184.67956
187.88551
197.98197
202.08274
202.35810
207.39133
152.63064
166.63376
174.49163
178.87704
181.92463
184.69009
184.75026
184.82164
184.84519
190.30088
197.27332
198.06188
198.08917
198.13672
202.04135
202.09481
202.76086
207.40459
207.75636
155.76574
156.59796
156.60789
156.65207
156.78246
156.79933
156.73975
156.74878
156.79413
156.86667
156.88494
156.88504
157.03760
158.68211
158.67830
163.31753
168.62842
196.23926
198.56665
201.85492
202.10385
202.30573
202.33607
202.37868
202.33516
202.35399
202.35108
207.03167
208.75225
160.50309
165.14750
165.04756
165.26522
165.29910
173.54864
175.48349
184.72364
184.64280
198.58554
199.70333
200.39398
201.84439
202.26770
202.46122
158.39429
159.50725
159.70745
159.70494
162.36325
174.26790
183.07194
198.84128
166.85292
166.92375
166.92990
238.94403
162.65782
191.01321
190.92100
199.90754
202.27025
166.76934
184.97448
194.36173
166.41057
182.20797
163.77901
164.49714
166.17615
169.03189
185.00792
163.85195
173.22838
184.27153
189.97279
163.02218
163.03382
164.59197
167.04968
167.07629
183.05821
194.83128
195.95474
196.18956
196.25756
171.12060
171.59947
174.16487
181.24470
181.15645
181.24428
181.29299
181.86200
206.09663
173.75602
180.66774
184.35754
181.53519
181.78252
183.46001
169.50079
170.51374
175.97775
173.99980
176.09507
182.31386
195.72506
195.98567
210.03839
166.85223
180.92537
183.01448
183.75713
185.09296
188.93608
210.20865
211.92113
216.49213
216.81212
216.71070
216.77735
218.44404
218.98181
189.59082
195.94511
197.05042
215.76830
164.37988
164.47100
179.67950
179.71748
189.70568
195.90870
203.79178
208.50174
213.23017
225.48281
171.79471
171.87618
184.82720
212.73122
220.64111
177.97191
178.41654
181.05230
184.73858
197.17212
203.34099
215.63527
219.78332
223.27445
223.29492
223.30277
223.65974
209.15762
208.46708
210.79127
210.09168
211.06468
211.94671
212.20081
217.07815
212.69854
212.87010
213.47012
213.66840
214.81302
214.82220
216.02485
216.02710
216.17559
216.19831
218.35354
209.65826
212.06563
214.62829
217.80309
224.65524
227.53688
230.27610
230.30329
212.24764
212.34766
216.65721
209.96150
214.64210
217.38576
217.56072
217.75861
238.99693
238.98765
234.72833
238.25028
238.16815
223.55466
223.56106
227.56743
227.76362
227.77350
227.90416
227.79344
227.90308
227.99660
228.22071
228.26897
228.29342
228.32744
228.29922
229.28365
229.74984
229.75648
230.66174
232.73506
236.67845
227.41169
247.03761
224.64257
233.19519
234.02955
233.96712
240.35534
240.57733
198.21439
224.08895
224.08580
228.29507
240.59825
228.70073
256.36711
256.35035
233.81554
199.15494
217.19898
222.39348
222.33764
232.05316
232.06957
232.43378
233.23196
240.89598
244.19212
244.17384
244.35685
244.39832
244.43324
244.50238
244.27891
244.43678
244.42956
244.41892
244.58982
244.67175
246.77762
247.17156
247.11630
217.08935
217.50703
212.97270
215.73884
218.95898
219.01077
219.79444
221.58124
205.01144
207.23364
207.43479
210.67969
214.77311
215.69454
215.68672
216.85097
217.00729
218.89127
219.66199
219.90533
220.15992
222.41981
233.82387
237.57738
237.58720
237.67946
239.57848
239.64502
239.66697
239.67666
241.82019
248.03022
211.62442
221.33529
223.99643
241.11352
247.55551
205.62036
208.91644
211.85531
212.91131
231.64763
232.57219
236.62603
236.60239
236.59872
213.29304
213.95496
223.36302
232.31073
227.10326
227.15024
228.78812
255.16326
243.16184
242.94854
243.08816
243.07171
243.16997
243.22275
243.19390
243.22212
243.31853
243.56205
228.41094
242.37261
243.31338
243.54517
249.51412
229.16380
234.24507
235.93701
237.50265
247.43001
249.26372
230.92278
240.00343
240.07123
240.04450
248.12674
230.52249
230.45728
241.43174
241.42907
252.87302
231.43750
253.32272
251.12694
252.14071
252.44706
255.34321
255.33876
255.37117
250.66315
252.46294
252.54070
252.59336
252.66422
252.65718
252.54058
252.55943
252.72730
254.09281
239.29841
243.55189
252.01829
252.11678
252.60969
252.93516
252.91298
252.92290
252.97204
253.08949
242.63743
252.60058
253.44090
253.59579
253.65829
253.65072
254.01216
256.59262
241.17019
252.85168
235.75907
222.90635
237.45140
226.43168
232.66532
233.30483
237.88816
239.26127
240.49275
241.52898
224.37096
224.41440
236.01861
241.12995
244.05575
244.19095
244.21358
244.27232
244.31350
244.34981
244.30693
244.28736
244.35258
244.38190
244.43148
244.49394
244.44042
244.54561
244.74468
245.19571
246.74495
247.14338
241.67750
249.07070
251.66575
252.33323
252.44331
252.54546
253.04798
253.46448
252.50800
252.56543
252.58244
252.65681
252.88143
253.10955
253.07201
253.19565
253.17016
243.20444
243.49339
243.79248
243.76836
253.06204
253.09263
253.14634
239.49924
244.88889
253.65260
243.17225
243.25319
243.26021
196.76444
199.08932
197.80810
211.25079
212.15350
210.64254
211.19048
211.26162
238.77811
236.67144
242.39570
242.75097
247.43358
247.59568
235.73988
242.86965
248.24308
237.30440
248.23302
243.07564
211.52801
211.78420
211.75003
211.82619
211.18029
237.53045
241.79992
242.41920
242.80881
248.33955
247.80885
250.79573
247.98054
248.69213
248.76278
249.71132
249.82138
251.21353
250.15323
250.09499
250.19902
250.38242
251.72874
241.66746
242.65523
242.98585
242.87316
243.02851
243.14677
243.10146
243.22368
243.21578
243.44898
243.50144
250.64678
250.74310
251.85917
251.94086
209.93094
211.75073
214.02624
214.82279
214.82176
215.97702
216.07669
216.10126
210.45504
213.70301
213.89199
214.14313
215.07537
216.56106
217.38771
231.07421
214.26049
216.15680
216.76898
216.64132
217.35778
217.44860
217.83854
218.41485
218.93399
210.31137
213.45498
213.79838
216.01646
230.50827
248.25294
210.06536
210.35002
215.61974
218.16598
218.52464
222.11148
234.02632
239.43135
248.38548
248.07150
248.25675
250.32875
250.37652
250.39706
251.39017
251.50826
251.40237
253.91389
253.93253
249.89955
250.06172
251.55446
253.42719
250.21317
251.70489
251.70803
255.89260
128.10628
128.35666
128.42206
129.91828
132.65389
115.30202
115.29563
116.65712
114.18627
115.96400
121.83438
115.78663
117.24114
117.47239
116.38972
118.10649
111.08154
113.25517
117.54095
113.49575
117.73427
117.66492
145.31906
152.23871
157.24569
144.86534
145.33280
150.16516
150.53534
153.12205
156.47102
145.44524
151.96360
152.05742
152.14464
155.44607
155.58087
155.70107
155.81737
155.84371
155.79693
155.91403
159.24591
160.11874
143.73154
144.20833
147.92380
150.39625
151.46328
151.71818
152.12000
155.05307
155.45718
158.74302
145.72701
149.09339
149.74961
149.76369
149.77780
151.97575
155.51381
155.64934
155.90904
155.96843
158.28858
121.89272
129.68130
126.72755
121.85341
124.97574
133.23767
131.24772
198.81636
197.94262
192.41085
192.51143
196.12831
198.85506
200.18991
152.51870
161.91863
161.94930
