FORPRINT: Wed Jul 25 15:22:06 2012
       2.9987450     -0.34698406
       23.474558      -1.0500541
       50.502525      -1.0559547
       52.680816      -1.0663176
       16.090837     -0.80501731
       22.074295     -0.71075905
       42.187142     -0.80525965
       51.606946     -0.69733892
       17.604826     -0.23216692
       50.296607     -0.40559213
       9.7277080      0.93369986
       16.880935       1.0006367
       236.88249      0.30953629
       180.54250      -1.0348790
       197.22262     -0.83408140
       165.58193     -0.27091988
       165.70344     -0.23520080
       204.70990     -0.31102384
       220.26306     -0.41812442
       220.39921     -0.29344021
       220.42041     -0.26818805
       220.07658     -0.19863981
       221.37875     -0.32950722
       221.31705     -0.29291579
       221.39479     -0.28156806
       221.36447     -0.11584085
       221.58704     -0.14137763
       208.40009     0.082744339
       218.92720      0.16037790
       203.34080     -0.99116589
       139.43693     -0.55623018
       191.11518     -0.50929869
       202.56077     -0.41707981
       148.99531     -0.16546831
       150.46125     -0.12101732
       168.30914  -0.00045368866
       168.32387    -0.036410311
       162.38833      0.34708440
       162.50366      0.31466610
       162.47675      0.32727223
       172.80385      0.25413482
       172.78672      0.22258266
       189.73150      0.20941106
       202.49408      0.26711546
       236.24423      0.43130703
       145.99341      0.70399873
       148.34534      0.65849857
       171.86508      0.64512710
       218.34228      0.81247599
       218.46709      0.66288980
       9.8718195       14.661771
       29.284027       13.193142
       29.236487       13.203281
       20.104627       14.907783
       176.24425      -1.6812961
       176.33889      -1.7677508
       186.15335       1.4943362
       180.83502       1.8382286
       181.06725       1.8737396
       182.13665       1.8963912
       225.10149       1.7065689
       225.04763       1.7271752
       224.93160       1.7048660
       225.25853       2.1511875
       227.89055       1.6687791
       228.27751       2.1379012
       164.74211       1.5919210
       225.96042       1.2721843
       226.24847       1.2762223
       226.04159       1.0898819
       149.43363       1.7556777
       205.49645       2.0462918
       205.52080       2.0739309
       207.95775       1.9958403
       220.95029       1.4968353
       221.06071       1.6285526
       221.29936       1.4517313
       221.30284       1.6271184
       221.31606       1.7508293
       221.21653       1.6104587
       226.50844       1.3837732
       226.47192       1.5025591
       226.54616       1.6381015
       226.65378       1.3767752
       226.77940       1.6082536
       226.79647       1.8287640
       226.60871       1.6612139
       168.56788       2.5873113
       207.94610       2.4985856
       208.11898       2.3380544
       225.43817       1.9147063
       167.09777       2.8367610
       133.93694       2.4749181
       219.57851       3.3705951
       219.90983       3.3859394
       220.19147       3.2466912
       220.19672       3.4908345
       223.10252       3.1722352
       228.95749       2.9794499
       218.45802       3.9851249
       218.43099       3.9451703
       218.48576       3.7877963
       223.30885       3.5351255
       219.60097       4.3413623
       219.67472       4.3110904
       219.64970       4.2719190
       226.64664       3.7680072
       227.86274       4.1616392
       227.83230       4.1778430
       354.67861       15.878309
      0.88161352       16.092618
       1.0340972       16.128588
      0.74526967       16.110079
      0.69532541       16.048455
      0.41928265       15.955035
      0.92526203       16.076424
      0.79870096       15.958505
      0.63280934       15.935883
       1.0657856       16.111784
       1.1492310       16.045657
       140.05170       1.2502609
       148.62969       2.3429466
       163.91374       1.7797168
       164.32416       1.8505338
       170.33040       2.8301407
       170.32924       2.8099924
       172.42734       3.1913361
       130.95528       2.6620312
       134.40114       3.0180184
       134.60122       3.0168759
       163.89205       4.3627218
       166.56486       4.2810329
       134.61377       3.3952903
       134.55617       3.3619368
       136.36138       3.4724621
       136.83189       3.3951085
       136.89989       3.3831498
       166.06808       4.8356083
       166.09807       4.8318997
       150.26650       4.7035482
       160.48378       4.9501809
       131.74725       2.5335044
       167.58310       4.6326475
       135.60048       3.5938154
       184.71330       5.2405836
       184.75810       5.2169800
       184.84812       5.3317875
       184.95152       5.1905461
       125.44965       3.2705485
       184.81141       6.0791723
       184.93496       6.2168780
       153.67065     -0.25059097
       223.51467       3.0478725
       218.50655       3.7351167
       219.73306       3.5366991
       220.17509       3.5087106
       220.17514       3.4429511
       220.15968       3.4653375
       220.17567       3.4715550
       220.13586       3.4775238
       220.17514       3.4429511
       220.15968       3.4653375
       220.41854       3.5953695
       223.28002       3.1372785
       228.27875       3.1500542
       189.15567       5.3635999
       189.28277       5.4236224
       189.13982       5.5963677
       219.70077       4.3651228
       188.72510       6.0014949
       188.59678       3.9113905
       168.56727       4.0444526
       180.74575       4.2461912
       180.74704       4.1800088
       180.68945       4.2205439
       184.53831       5.7014680
       184.55240       5.7206961
       172.58855       5.9088285
       184.81141       6.0791723
       234.57094      -1.6764171
       234.35501      -1.6872263
       202.82915      -1.6363738
       202.82915      -1.6363738
       202.81565      -1.5917664
       211.71557      -1.5557316
       217.87143      -1.3876180
       347.19207       13.117964
       351.31643       15.250395
       317.45918      0.59004074
       317.40607      0.66962070
       350.43438     -0.91299480
       322.25810     -0.61083605
       23.452123      -1.0001218
       23.617675     -0.96673030
       23.619589      -1.0013246
       52.570250     -0.87022809
       30.559351    -0.085680489
       53.038152      0.35122726
       44.049796      0.59854541
       115.14354       23.236514
       114.96836       23.412087
       115.03563       23.406724
       119.74240       27.487143
       159.14801       5.5556045
       162.59544       5.6454077
       162.82103       5.8028375
       162.81217       5.9618322
       124.80344       3.7815365
       126.31629       3.9967189
       126.31181       3.8982249
       125.71364       4.2865921
       125.68832       4.2903753
       125.66412       4.4243134
       125.66413       4.4242995
       125.67553       4.4247514
       125.88421       4.3936485
       125.83419       4.3669741
       125.88212       4.3988570
       128.88532       4.8470237
       157.62205       7.1867289
       144.81104       6.3830583
       177.90666       8.7270077
       177.96628       8.7506788
       177.97510       8.7337198
       135.27645       6.0708338
       164.77573       9.1785687
       164.69675       9.1597702
       186.28681       10.081106
       186.49373       9.9396231
       186.53883       10.206367
       186.43599       10.214736
       328.39787      0.17514830
       152.85831       9.2284070
       174.94823       8.9391706
       175.58076       8.8971052
       175.89053       8.9656533
       175.89204       8.9095076
       179.54888       9.0778289
       186.68555       9.0776220
       186.77054       8.9600155
       186.79218       8.9456609
       187.80026       8.8305653
       187.55468       9.2759857
       187.38516       9.0647452
       187.79937       9.0971115
       164.52580       9.2927312
       164.95432       9.3751875
       175.55073       10.275646
       181.31491       10.624938
       185.90215       11.077544
       185.99365       11.040186
       139.89931       33.729694
       123.77625       25.577369
       143.03874       8.3329430
       143.07184       8.6151691
       146.67629       9.6667618
       151.18759       10.336946
       148.30363       11.199257
       143.39816       10.066194
       149.84903       11.177611
       125.40427       24.512838
       124.65674       24.528943
       135.79228       30.773970
       139.89931       33.729694
       139.92381       33.805612
       139.93260       33.799244
       140.17846       33.212827
       140.26004       33.720257
       185.51708       11.789741
       185.51833       11.571301
       183.59232       12.091926
       185.86400       12.981489
       189.25245       11.118089
       189.20801       11.229132
       202.27427       11.206677
       187.80350       11.730925
       187.61789       11.726110
       188.11297       11.621169
       187.89825       11.865177
       187.55812       11.733772
       187.74119       11.925927
       187.92479       11.576313
       198.14838       11.754136
       156.58098       10.907103
       158.77443       11.311612
       158.62831       11.169516
       184.71527       12.912443
       201.89169       12.408600
       181.30195       6.3207846
       184.48559       6.7399125
       230.26493       30.676044
       230.29423       30.713122
       230.33342       30.697819
       230.34601       30.655629
       238.25697       6.0799551
       227.78244       4.5823621
       243.17414       29.488474
       211.84445       12.842842
       192.48233       15.627863
