FORPRINT: Wed Jul 25 15:22:06 2012
       220.26306     -0.41812442
       220.42041     -0.26818805
       220.07658     -0.19863981
       225.25853       2.1511875
      0.88161352       16.092618
       1.0340972       16.128588
      0.74526967       16.110079
      0.69532541       16.048455
      0.41928265       15.955035
      0.92526203       16.076424
      0.79870096       15.958505
      0.63280934       15.935883
       184.95152       5.1905461
       189.15567       5.3635999
       189.13982       5.5963677
       317.45918      0.59004074
       162.59544       5.6454077
       162.81217       5.9618322
       186.43599       10.214736
       185.90215       11.077544
       187.80350       11.730925
       227.78244       4.5823621
