FORPRINT: Wed Jul 25 17:15:20 2012
       23.485614      -1.1658713
       16.847608      0.89267213
       226.72719      0.18319497
       218.50950      0.65598709
       209.15416     -0.42209721
       163.96648    -0.096375930
       168.01096     -0.17480257
       168.34076    -0.056492778
       162.51970      0.35168200
       189.77931      0.30989506
       221.24634      0.41080080
       151.48065      0.65220029
       29.225465       13.153670
       180.86990       1.9764432
       180.86988       1.9764592
       181.15323       1.8927276
       227.86309       1.7687822
       228.44136       2.1249612
       216.28089       3.2320943
       211.17414       1.4613423
       140.85170       1.5464120
       163.32608       1.9137186
       221.19738       1.6232917
       166.36705       2.5621587
       168.59455       2.5755308
       216.35016       3.2138745
       220.20737       3.4675280
       218.52576       3.7735833
       218.52576       3.7735833
       220.09245       3.7357559
       230.06661       3.5280904
      0.66165853       16.017642
      0.86696985       16.166807
       142.47911       2.2321848
       164.33487       1.8249407
       170.39784       2.7635692
       168.00804       3.0444018
       131.82776       2.7622543
       153.12991       4.8592164
       162.11380       4.8783538
       153.67000     -0.25512735
       153.67000     -0.25512691
       218.45047       3.6715792
       218.45047       3.6715792
       218.46780       3.7610948
       220.16976       3.5116642
       220.20737       3.4675280
       228.17373       3.0720936
       189.19250       5.5458427
       170.06069       3.6178016
       188.55260       3.9204526
       169.87707       4.9590903
       184.52852       5.6845469
       226.00915      -2.0098489
       350.81243       14.304955
      0.79694943       15.965733
       359.04727    -0.029261185
       116.53054       26.505134
       144.70840       5.9224416
       125.69982       4.4073197
       125.84437       4.4008045
       170.50636       6.3896456
       180.42793       6.4495676
       161.07260       7.9543708
       175.59306       8.7655402
       177.94169       8.7587085
       186.78581       8.9073822
       187.94461       8.8453832
       187.73057       9.1511067
       164.99110       8.8140127
       185.53550       9.5683970
       185.53552       9.5683762
       164.57178       9.3461513
       176.37620       9.7291034
       154.20049       10.846551
       139.94029       33.720133
       121.65552       25.439539
       121.65205       25.453592
       131.64776       6.9626054
       149.85071       11.187746
       139.44486       32.468346
       140.50037       33.355339
       139.92604       33.693908
       139.92258       33.738155
       139.92918       33.811037
       140.25504       33.126722
       140.15147       33.650782
       202.40242       11.606607
       198.12394       11.742463
       156.79427       11.021252
       201.84457       12.354665
       198.84143       12.905218
       169.52159       7.8782352
       238.98784       6.3161475
       227.79365       4.4800561
       227.90764       4.4418196
       227.92200       4.4993221
       227.99677       4.5527255
       228.29315       4.5197940
       243.16203       29.643588
       243.07193       29.479138
       243.02873       29.443729
